356	1422
749	1426
357	1429
3	1430
358	1431
753	1434
758	1444
10	1451
11	1450
1108	1453
14	1455
16	1465
1111	1467
373	1471
763	1472
19	1475
1114	1476
377	1481
766	1482
378	1483
380	1487
23	1489
24	1492
25	1495
772	1491
388	1498
390	1499
777	1501
28	1505
780	1509
29	1510
1125	1512
1124	1513
782	1516
395	1518
1126	1524
784	1525
786	1530
402	1531
403	1533
1133	1534
36	1535
1136	1537
406	1538
791	1542
792	1543
793	1545
411	1546
410	1550
43	1548
413	1552
46	1559
796	1567
798	1569
800	1572
418	1576
55	1577
56	1582
1149	1591
58	1593
805	1594
428	1597
429	1598
1152	1599
431	1600
62	1601
1153	1602
433	1603
809	1610
437	1612
813	1613
814	1616
439	1619
444	1631
445	1634
448	1638
822	1651
72	1650
823	1652
74	1653
462	1657
1166	1658
464	1659
466	1663
828	1665
1169	1668
1170	1669
470	1670
469	1671
474	1683
1178	1689
478	1691
1179	1692
1182	1695
89	1696
481	1697
92	1701
844	1705
485	1706
845	1708
486	1712
1188	1715
98	1717
101	1721
488	1722
849	1727
850	1734
103	1738
104	1739
1198	1740
1196	1741
495	1742
497	1744
499	1748
110	1750
852	1751
853	1752
112	1755
503	1756
114	1759
858	1760
508	1766
1206	1771
512	1780
864	1781
125	1786
867	1788
514	1791
129	1793
1213	1797
517	1801
1215	1803
873	1804
1223	1811
1226	1818
1227	1821
138	1823
525	1829
883	1830
143	1839
144	1842
145	1841
1233	1843
887	1848
147	1851
527	1859
891	1862
892	1861
1237	1866
532	1870
533	1873
1238	1875
536	1878
537	1879
539	1882
538	1883
902	1886
1248	1889
904	1890
903	1891
1249	1892
547	1894
1250	1895
548	1897
905	1898
1252	1901
549	1900
161	1905
551	1902
906	1903
908	1909
163	1910
556	1911
165	1916
911	1917
559	1919
1261	1921
168	1924
561	1925
562	1927
913	1931
917	1939
918	1940
919	1941
171	1943
172	1944
1266	1953
922	1954
174	1957
577	1964
177	1963
578	1965
184	1973
926	1975
186	1979
584	1982
187	1984
929	1993
195	1994
196	1998
930	1999
933	2002
934	2005
935	2009
201	2011
1284	2012
204	2018
596	2021
207	2024
1289	2025
598	2028
1291	2031
600	2037
1292	2039
946	2046
949	2051
603	2055
605	2060
1296	2061
952	2067
1299	2068
955	2071
223	2077
612	2090
960	2091
615	2093
614	2094
616	2095
963	2096
618	2100
232	2104
968	2105
234	2114
627	2122
1311	2127
980	2128
981	2129
630	2130
1314	2131
1315	2132
631	2134
1318	2138
1319	2139
1320	2140
241	2141
634	2143
635	2144
1322	2147
1325	2149
246	2153
641	2152
988	2154
992	2159
993	2163
250	2167
995	2170
650	2171
1336	2177
999	2181
656	2190
1346	2194
1347	2195
1004	2200
662	2205
664	2207
665	2208
264	2210
268	2218
1013	2220
270	2225
667	2226
1358	2229
1017	2234
272	2235
1022	2240
1021	2241
1364	2243
1369	2244
675	2245
275	2247
279	2253
678	2254
283	2256
285	2258
287	2259
289	2260
1032	2261
292	2264
1037	2265
1374	2269
1042	2270
1375	2272
293	2273
1377	2276
1048	2281
1053	2290
1052	2292
1381	2295
1054	2297
1055	2298
1388	2304
303	2306
700	2307
702	2309
1058	2313
706	2314
1067	2325
1069	2333
320	2340
321	2339
1071	2341
1072	2349
1075	2348
323	2350
1076	2352
1396	2351
324	2358
717	2357
326	2363
1397	2364
328	2365
1400	2374
727	2381
731	2389
1084	2390
1087	2400
1408	2401
1409	2402
348	2405
1088	2407
1411	2409
1412	2411
741	2412
1413	2413
1092	2414
352	2420
1093	2421
746	2424
1420	2430
1097	2431
1098	2435
