751	0	1139
751	0	472
751	0	933
751	0	230
751	0	599
751	0	541
751	0	1041
751	0	684
751	0	1188
751	0	1361
776	0	101
776	0	1320
776	0	1146
776	0	800
776	0	1194
776	0	115
776	0	406
776	0	1373
776	0	1284
776	0	605
776	0	1185
776	0	836
776	0	1061
776	0	1169
776	0	533
776	0	171
776	0	818
776	0	1176
776	0	51
776	0	211
776	0	1223
776	0	953
776	0	122
776	0	3
776	0	625
776	0	370
776	0	1361
1055	0	726
1055	0	455
1055	0	601
1055	0	84
1055	0	701
1055	0	1171
1055	0	1305
1055	0	266
1055	0	571
1055	0	414
1055	0	351
1055	0	1128
1055	0	1333
1055	0	562
1055	0	63
1055	0	482
1055	0	54
1055	0	314
1055	0	1362
1055	0	1263
1055	0	1321
1055	0	182
1055	0	379
1055	0	389
1055	0	735
1055	0	1225
1055	0	796
1055	0	510
1055	0	817
1055	0	473
1055	0	1328
1055	0	374
1055	0	1014
1055	0	890
1055	0	353
1055	0	564
1055	0	1019
1055	0	159
1055	0	154
1055	0	704
1055	0	1309
1055	0	667
1055	0	681
1055	0	6
1055	0	1287
1055	0	799
1055	0	1256
1055	0	695
1055	0	767
1055	0	1054
1055	0	658
1055	0	1281
1055	0	36
1055	0	261
1055	0	753
1055	0	58
1055	0	129
1055	0	1170
1055	0	191
1055	0	1361
724	0	67
724	0	663
724	0	1070
724	0	1002
724	0	13
724	0	436
724	0	858
724	0	523
724	0	752
724	0	606
724	0	1382
724	0	26
724	0	322
724	0	603
724	0	1374
724	0	1383
724	0	29
724	0	922
724	0	1071
724	0	429
724	0	1245
724	0	1361
724	0	197
724	0	1416
724	0	828
5	0	566
5	0	736
5	0	1020
5	0	1282
5	0	516
5	0	492
5	0	696
5	0	1365
5	0	1236
5	0	465
5	0	1208
5	0	399
5	0	170
5	0	604
5	0	637
5	0	422
5	0	52
5	0	1361
5	0	1300
5	0	1163
5	0	295
350	0	1398
350	0	1139
350	0	794
350	0	315
350	0	1355
350	0	373
350	0	767
350	0	451
350	0	491
350	0	690
350	0	585
350	0	642
350	0	304
350	0	715
350	0	347
350	0	331
350	0	844
350	0	464
350	0	965
350	0	1253
350	0	137
350	0	520
350	0	914
350	0	183
350	0	1306
350	0	1361
350	0	509
350	0	1286
461	0	101
461	0	676
461	0	815
461	0	1361
959	0	593
959	0	101
959	0	264
959	0	758
959	0	875
959	0	234
959	0	998
959	0	57
959	0	99
959	0	318
959	0	518
959	0	56
959	0	687
959	0	460
959	0	1273
959	0	317
959	0	359
959	0	171
959	0	207
959	0	756
959	0	1283
959	0	1088
959	0	325
959	0	548
959	0	86
959	0	1036
959	0	946
959	0	1213
959	0	377
959	0	1311
959	0	844
959	0	1021
959	0	489
959	0	885
959	0	1361
311	0	1139
311	0	373
311	0	429
311	0	166
311	0	1275
311	0	592
311	0	65
311	0	1233
311	0	1361
311	0	1269
311	0	721
311	0	486
311	0	98
311	0	814
311	0	481
311	0	700
311	0	883
311	0	0
311	0	81
311	0	978
311	0	61
311	0	366
311	0	1144
311	0	1059
311	0	197
311	0	1416
311	0	1215
311	0	1001
928	0	101
928	0	408
928	0	343
928	0	1334
928	0	267
928	0	1169
928	0	533
928	0	171
928	0	818
928	0	1149
928	0	777
928	0	1233
928	0	488
928	0	782
928	0	151
928	0	47
928	0	1080
928	0	1160
928	0	1188
928	0	855
928	0	1009
928	0	1324
928	0	1361
1402	0	101
1402	0	430
1402	0	1267
1402	0	400
1402	0	967
1402	0	683
1402	0	1169
1402	0	533
1402	0	171
1402	0	818
1402	0	976
1402	0	1202
1402	0	1188
1402	0	1361
272	0	67
272	0	663
272	0	430
272	0	768
272	0	1267
272	0	59
272	0	689
272	0	206
272	0	309
272	0	1169
272	0	533
272	0	171
272	0	818
272	0	1223
272	0	953
272	0	497
272	0	789
272	0	172
272	0	741
272	0	368
272	0	1288
272	0	421
272	0	1361
653	0	1139
653	0	1215
653	0	934
653	0	1137
653	0	1376
653	0	363
653	0	650
653	0	1102
653	0	679
653	0	1361
271	0	1139
271	0	235
271	0	697
271	0	958
271	0	1035
271	0	299
271	0	1395
271	0	665
271	0	1209
271	0	1060
271	0	382
271	0	1193
271	0	1361
271	0	1034
355	0	101
355	0	662
355	0	165
355	0	627
355	0	144
355	0	1166
355	0	1093
355	0	226
355	0	1361
835	0	101
835	0	1101
835	0	73
835	0	661
835	0	1169
835	0	533
835	0	171
835	0	818
835	0	1223
835	0	43
835	0	1361
1296	0	101
1296	0	373
1296	0	207
1296	0	1264
1296	0	1007
1296	0	1289
1296	0	1126
1296	0	46
1296	0	424
1296	0	558
1296	0	167
1296	0	761
1296	0	1238
1296	0	759
1296	0	1045
1296	0	720
1296	0	994
1296	0	782
1296	0	569
1296	0	1379
1296	0	1188
1296	0	1169
1296	0	533
1296	0	818
1296	0	589
1296	0	1226
1296	0	1021
1296	0	489
1296	0	643
1296	0	1329
1296	0	989
1296	0	1099
1296	0	296
1296	0	446
1296	0	1065
1296	0	219
1296	0	1361
1296	0	1062
698	0	101
698	0	1267
698	0	205
698	0	744
698	0	296
698	0	446
698	0	1169
698	0	533
698	0	171
698	0	818
698	0	1050
698	0	777
698	0	1233
698	0	119
698	0	1361
1339	0	101
1339	0	235
1339	0	382
1339	0	1193
1339	0	697
1339	0	958
1339	0	1035
1339	0	299
1339	0	1395
1339	0	665
1339	0	1209
1339	0	1060
1339	0	1361
1339	0	1034
870	0	67
870	0	663
870	0	95
870	0	484
870	0	431
870	0	128
870	0	111
870	0	869
870	0	242
870	0	951
870	0	1169
870	0	533
870	0	171
870	0	818
870	0	1085
870	0	831
870	0	1268
870	0	1199
870	0	611
870	0	803
870	0	342
870	0	1095
870	0	202
870	0	346
870	0	1140
870	0	511
870	0	263
870	0	440
870	0	557
870	0	1191
870	0	712
870	0	1015
870	0	292
870	0	1361
526	0	67
526	0	663
526	0	1279
526	0	895
526	0	938
526	0	1361
189	0	1139
189	0	373
189	0	94
189	0	920
189	0	939
189	0	475
189	0	307
189	0	900
189	0	1386
189	0	236
189	0	1304
189	0	1120
189	0	1023
189	0	449
189	0	277
189	0	471
189	0	262
189	0	1367
189	0	1361
640	0	101
640	0	31
640	0	1099
640	0	1065
640	0	219
640	0	32
640	0	454
640	0	375
640	0	446
640	0	1169
640	0	533
640	0	171
640	0	818
640	0	1107
640	0	671
640	0	1124
640	0	782
640	0	1188
640	0	1233
640	0	1361
766	0	566
766	0	1139
766	0	101
766	0	373
766	0	451
766	0	767
766	0	825
766	0	745
766	0	160
766	0	670
766	0	937
766	0	1031
766	0	1312
766	0	323
766	0	1224
766	0	990
766	0	856
766	0	1228
766	0	866
766	0	602
766	0	1234
766	0	1083
766	0	892
766	0	929
766	0	982
766	0	1361
766	0	2
766	0	1147
766	0	1335
766	0	609
766	0	212
766	0	1148
766	0	554
766	0	680
766	0	863
766	0	747
766	0	218
766	0	673
766	0	1129
766	0	743
766	0	1012
766	0	258
766	0	295
1145	0	67
1145	0	663
1145	0	1101
1145	0	1216
1145	0	1267
1145	0	430
1145	0	1169
1145	0	533
1145	0	171
1145	0	818
1145	0	1092
1145	0	941
1145	0	908
1145	0	1345
1145	0	1004
1145	0	1370
1145	0	1251
1145	0	1293
1145	0	1241
1145	0	1114
1145	0	636
1145	0	138
1145	0	142
1145	0	1237
1145	0	915
1145	0	85
1145	0	1340
1145	0	1361
417	0	593
417	0	1139
417	0	758
417	0	875
417	0	234
417	0	998
417	0	1283
417	0	1088
417	0	264
417	0	57
417	0	99
417	0	325
417	0	548
417	0	86
417	0	318
417	0	518
417	0	56
417	0	722
417	0	1036
417	0	460
417	0	1273
417	0	946
417	0	317
417	0	359
417	0	1213
417	0	377
417	0	1311
417	0	844
417	0	1361
907	0	1398
907	0	372
907	0	469
907	0	958
907	0	286
907	0	1414
907	0	1043
907	0	649
907	0	916
907	0	1167
907	0	419
907	0	508
907	0	1204
907	0	932
907	0	229
907	0	779
907	0	507
907	0	899
907	0	574
907	0	1211
907	0	37
907	0	19
907	0	746
907	0	771
907	0	1142
907	0	1361
907	0	149
907	0	827
907	0	1033
907	0	983
907	0	1257
907	0	880
1180	0	101
1180	0	1065
1180	0	219
1180	0	833
1180	0	1354
1180	0	1099
1180	0	31
1180	0	280
1180	0	1169
1180	0	533
1180	0	171
1180	0	818
1180	0	1212
1180	0	777
1180	0	1202
1180	0	1188
1180	0	1361
136	0	235
136	0	15
136	0	101
136	0	373
136	0	66
136	0	18
136	0	1361
185	0	101
185	0	31
185	0	744
185	0	926
185	0	205
185	0	1005
185	0	782
185	0	569
185	0	384
185	0	1233
185	0	1361
185	0	105
185	0	452
185	0	921
185	0	1218
185	0	306
397	0	199
397	0	697
397	0	1034
397	0	958
397	0	1035
397	0	299
397	0	843
397	0	579
397	0	1352
397	0	1327
397	0	493
397	0	1181
397	0	1094
397	0	1361
878	0	101
878	0	1267
878	0	430
878	0	1169
878	0	533
878	0	171
878	0	818
878	0	1285
878	0	1009
878	0	190
878	0	47
878	0	88
878	0	608
878	0	1188
878	0	777
878	0	1233
878	0	782
878	0	1021
878	0	489
878	0	56
878	0	1149
878	0	488
878	0	1361
773	0	1249
773	0	273
773	0	238
773	0	481
773	0	797
773	0	769
773	0	1071
773	0	1186
773	0	1313
773	0	237
773	0	538
773	0	130
773	0	1361
540	0	67
540	0	663
540	0	1101
540	0	950
540	0	165
540	0	198
540	0	1314
540	0	906
540	0	1178
540	0	971
540	0	654
540	0	594
540	0	287
540	0	707
540	0	562
540	0	1138
540	0	627
540	0	656
540	0	581
540	0	1075
540	0	418
540	0	177
540	0	248
540	0	1026
540	0	126
540	0	1066
540	0	1116
540	0	1073
540	0	1161
540	0	27
540	0	801
540	0	38
540	0	826
540	0	1077
540	0	62
540	0	963
540	0	1325
540	0	1017
540	0	1361
540	0	555
857	0	101
857	0	1084
857	0	341
857	0	971
857	0	654
857	0	1314
857	0	1178
857	0	784
857	0	462
857	0	1052
857	0	1240
857	0	270
857	0	1361
973	0	67
973	0	663
973	0	501
973	0	59
973	0	500
973	0	1267
973	0	430
973	0	689
973	0	206
973	0	209
973	0	188
973	0	1418
973	0	1169
973	0	533
973	0	171
973	0	818
973	0	783
973	0	1183
973	0	876
973	0	962
973	0	889
973	0	741
973	0	368
973	0	632
973	0	1361
839	0	593
839	0	754
839	0	1270
839	0	146
839	0	1051
839	0	875
839	0	469
839	0	1211
839	0	1380
839	0	893
839	0	647
839	0	1366
839	0	570
839	0	1415
839	0	942
839	0	718
839	0	1043
839	0	649
839	0	916
839	0	1123
839	0	330
839	0	208
839	0	508
839	0	1204
839	0	932
839	0	229
839	0	779
839	0	1257
839	0	899
839	0	396
839	0	574
839	0	974
839	0	19
839	0	1220
839	0	746
839	0	771
839	0	1361
839	0	286
839	0	827
839	0	1277
839	0	509
839	0	880
1221	0	67
1221	0	663
1221	0	898
1221	0	476
1221	0	401
1221	0	934
1221	0	1388
1221	0	301
1221	0	253
1221	0	420
1221	0	607
1221	0	1087
1221	0	923
1221	0	1361
732	0	566
732	0	692
732	0	1302
732	0	1361
732	0	284
1150	0	67
1150	0	663
1150	0	1101
1150	0	1267
1150	0	430
1150	0	72
1150	0	992
1150	0	409
1150	0	987
1150	0	798
1150	0	1227
1150	0	1261
1150	0	1397
1150	0	630
1150	0	329
1150	0	1322
1150	0	321
1150	0	1266
1150	0	1361
873	0	101
873	0	989
873	0	1169
873	0	533
873	0	171
873	0	818
873	0	782
873	0	1408
873	0	556
873	0	485
873	0	24
873	0	1392
873	0	1361
873	0	786
873	0	550
873	0	1335
873	0	212
873	0	1308
873	0	1079
873	0	795
873	0	1086
873	0	638
873	0	1350
873	0	200
383	0	101
383	0	207
383	0	1096
383	0	716
383	0	140
383	0	1118
383	0	582
383	0	1361
340	0	199
340	0	697
340	0	1034
340	0	958
340	0	1035
340	0	299
340	0	843
340	0	579
340	0	1352
340	0	1327
340	0	493
340	0	1181
340	0	1094
340	0	1361
1401	0	101
1401	0	723
1401	0	55
1401	0	683
1401	0	1410
1401	0	662
1401	0	561
1401	0	954
1401	0	1047
1401	0	1158
1401	0	1025
1401	0	1259
1401	0	804
1401	0	1405
1401	0	648
1401	0	405
1401	0	1361
4	0	67
4	0	663
4	0	216
4	0	1267
4	0	430
4	0	59
4	0	689
4	0	206
4	0	309
4	0	1115
4	0	478
4	0	483
4	0	741
4	0	368
4	0	781
4	0	209
4	0	188
4	0	1169
4	0	533
4	0	171
4	0	818
4	0	1361
1164	0	437
1164	0	635
1164	0	381
1164	0	1361
910	0	101
910	0	194
910	0	428
910	0	156
910	0	1248
910	0	80
910	0	1048
910	0	988
910	0	232
910	0	103
910	0	1361
1278	0	101
1278	0	1280
1278	0	614
1278	0	725
1278	0	423
1278	0	588
1278	0	78
1278	0	979
1278	0	365
1278	0	1267
1278	0	430
1278	0	400
1278	0	967
1278	0	1292
1278	0	303
1278	0	763
1278	0	327
1278	0	644
1278	0	1361
394	0	101
394	0	92
394	0	537
394	0	905
394	0	231
394	0	1361
1104	0	101
1104	0	300
1104	0	515
1104	0	1262
1104	0	730
1104	0	407
1104	0	936
1104	0	852
1104	0	567
1104	0	1346
1104	0	521
1104	0	645
1104	0	850
1104	0	791
1104	0	161
1104	0	291
1104	0	34
1104	0	919
1104	0	410
1104	0	275
1104	0	710
1104	0	546
1104	0	402
1104	0	320
1104	0	125
1104	0	1381
1104	0	1409
1104	0	1206
1104	0	276
1104	0	891
1104	0	577
1104	0	527
1104	0	1072
1104	0	25
1104	0	210
1104	0	1179
1104	0	1190
1104	0	1151
1104	0	345
1104	0	1058
1104	0	930
1104	0	91
1104	0	1136
1104	0	1385
1104	0	352
1104	0	536
1104	0	324
1104	0	313
1104	0	913
1104	0	1022
1104	0	1361
774	0	101
774	0	496
774	0	725
774	0	1267
774	0	430
774	0	1169
774	0	533
774	0	171
774	0	818
774	0	731
774	0	223
774	0	1130
774	0	809
774	0	488
774	0	413
774	0	250
774	0	669
774	0	955
774	0	1105
774	0	1106
774	0	1244
774	0	644
774	0	1361
132	0	101
132	0	1101
132	0	73
132	0	661
132	0	1169
132	0	533
132	0	171
132	0	818
132	0	1223
132	0	884
132	0	805
132	0	378
132	0	849
132	0	912
132	0	3
132	0	625
132	0	896
132	0	106
132	0	1003
132	0	1303
132	0	995
132	0	168
132	0	281
132	0	1361
1024	0	67
1024	0	663
1024	0	363
1024	0	1023
1024	0	750
1024	0	846
1024	0	881
1024	0	854
1024	0	1242
1024	0	108
1024	0	1361
1235	0	101
1235	0	785
1235	0	980
1235	0	393
1235	0	544
1235	0	1169
1235	0	533
1235	0	171
1235	0	818
1235	0	1149
1235	0	917
1235	0	180
1235	0	1040
1235	0	821
1235	0	981
1235	0	1188
1235	0	782
1235	0	777
1235	0	1295
1235	0	488
1235	0	151
1235	0	47
1235	0	855
1235	0	1009
1235	0	1080
1235	0	1160
1235	0	1361
1141	0	644
1141	0	415
1141	0	1417
1141	0	1016
1141	0	1087
1141	0	1361
1342	0	101
1342	0	1262
1342	0	730
1342	0	407
1342	0	936
1342	0	320
1342	0	1409
1342	0	1206
1342	0	217
1342	0	1130
1342	0	1192
1342	0	536
1342	0	275
1342	0	952
1342	0	1135
1342	0	575
1342	0	943
1342	0	1022
1342	0	1042
1342	0	1396
1342	0	1347
1342	0	1250
1342	0	495
1342	0	1378
1342	0	48
1342	0	1222
1342	0	879
1342	0	1399
1342	0	16
1342	0	499
1342	0	1182
1342	0	1205
1342	0	807
1342	0	713
1342	0	1361
672	0	595
672	0	101
672	0	207
672	0	1232
672	0	502
672	0	274
672	0	127
672	0	1361
1377	0	67
1377	0	663
1377	0	1101
1377	0	273
1377	0	238
1377	0	33
1377	0	1011
1377	0	1169
1377	0	533
1377	0	171
1377	0	818
1377	0	1069
1377	0	1291
1377	0	823
1377	0	792
1377	0	985
1377	0	319
1377	0	968
1377	0	249
1377	0	822
1377	0	1361
1046	0	67
1046	0	663
1046	0	1101
1046	0	1267
1046	0	430
1046	0	1237
1046	0	748
1046	0	793
1046	0	10
1046	0	251
1046	0	1361
453	0	67
453	0	663
453	0	246
453	0	184
453	0	441
453	0	1267
453	0	430
453	0	967
453	0	400
453	0	1169
453	0	533
453	0	171
453	0	818
453	0	8
453	0	933
453	0	1223
453	0	1162
453	0	1412
453	0	488
453	0	644
453	0	1361
528	0	101
528	0	1101
528	0	51
528	0	211
528	0	75
528	0	848
528	0	1195
528	0	468
528	0	1169
528	0	533
528	0	171
528	0	818
528	0	960
528	0	380
528	0	832
528	0	596
528	0	204
528	0	1111
528	0	1315
528	0	909
528	0	1037
528	0	702
528	0	877
528	0	1108
528	0	1276
528	0	1361
547	0	101
547	0	1096
547	0	847
547	0	1336
547	0	514
547	0	733
547	0	695
547	0	1126
547	0	207
547	0	373
547	0	662
547	0	623
547	0	561
547	0	767
547	0	1196
547	0	620
547	0	470
547	0	1254
547	0	657
547	0	641
547	0	457
547	0	104
547	0	993
547	0	576
547	0	1165
547	0	77
547	0	991
547	0	1298
547	0	765
547	0	178
547	0	699
547	0	551
547	0	1173
547	0	1152
547	0	825
547	0	498
547	0	466
547	0	1247
547	0	74
547	0	158
547	0	897
547	0	432
547	0	1098
547	0	796
547	0	711
547	0	385
547	0	463
547	0	404
547	0	510
547	0	285
547	0	459
547	0	201
547	0	682
547	0	1005
547	0	1125
547	0	195
547	0	821
547	0	744
547	0	887
547	0	390
547	0	1289
547	0	851
547	0	1133
547	0	1359
547	0	1159
547	0	442
547	0	655
547	0	830
547	0	1057
547	0	931
547	0	1341
547	0	337
547	0	628
547	0	1175
547	0	338
547	0	728
547	0	565
547	0	392
547	0	1044
547	0	1109
547	0	153
547	0	93
547	0	1316
547	0	228
547	0	619
547	0	1018
547	0	957
547	0	348
547	0	788
547	0	293
547	0	512
547	0	233
547	0	1258
547	0	369
547	0	707
547	0	562
547	0	1138
547	0	838
547	0	205
547	0	12
547	0	296
547	0	1255
547	0	874
547	0	1307
547	0	333
547	0	1403
547	0	1394
547	0	737
547	0	1168
547	0	616
547	0	749
547	0	1353
547	0	708
547	0	1038
547	0	734
547	0	164
547	0	386
547	0	808
547	0	1081
547	0	214
547	0	1360
547	0	688
547	0	53
547	0	904
547	0	757
547	0	586
547	0	398
547	0	148
547	0	173
547	0	778
547	0	477
547	0	1260
547	0	427
547	0	841
547	0	860
547	0	123
547	0	543
547	0	1121
547	0	590
547	0	1203
547	0	1243
547	0	162
547	0	1201
547	0	646
547	0	100
547	0	87
547	0	691
547	0	882
547	0	966
547	0	96
547	0	1006
547	0	360
547	0	872
547	0	1419
547	0	1343
547	0	1008
547	0	1239
547	0	60
547	0	435
547	0	362
547	0	1122
547	0	1174
547	0	617
547	0	925
547	0	364
547	0	600
547	0	821
547	0	35
547	0	152
547	0	215
547	0	621
547	0	1384
547	0	139
547	0	21
547	0	1391
547	0	945
547	0	240
547	0	1361
547	0	181
547	0	479
547	0	1265
547	0	1029
547	0	871
547	0	41
547	0	145
547	0	610
547	0	268
547	0	388
547	0	631
547	0	578
547	0	772
547	0	948
547	0	186
547	0	624
547	0	117
547	0	921
547	0	105
547	0	308
547	0	944
547	0	888
547	0	810
547	0	529
547	0	1132
547	0	639
547	0	116
547	0	597
547	0	1356
547	0	193
547	0	1368
547	0	1184
547	0	133
547	0	1155
547	0	1082
547	0	1074
547	0	742
547	0	659
547	0	109
547	0	1117
547	0	416
547	0	940
547	0	222
547	0	282
547	0	947
547	0	1049
547	0	354
547	0	366
547	0	1389
547	0	1349
547	0	1274
547	0	487
547	0	49
547	0	157
547	0	245
547	0	434
547	0	633
547	0	837
547	0	674
547	0	677
547	0	738
547	0	1056
547	0	1229
547	0	17
547	0	1028
547	0	834
547	0	553
547	0	447
547	0	175
547	0	79
547	0	522
547	0	312
547	0	622
547	0	1103
547	0	513
547	0	224
547	0	1331
547	0	811
547	0	1100
547	0	349
547	0	243
547	0	671
519	0	566
519	0	1219
519	0	1207
519	0	842
519	0	819
519	0	443
519	0	802
519	0	259
519	0	1332
519	0	1361
298	0	244
298	0	806
298	0	861
298	0	1361
1246	0	244
1246	0	790
1246	0	1063
1246	0	1344
1246	0	387
1246	0	1000
1246	0	1197
1246	0	50
1246	0	40
1246	0	1361
257	0	67
257	0	663
257	0	20
257	0	1267
257	0	430
257	0	689
257	0	206
257	0	309
257	0	1169
257	0	533
257	0	171
257	0	818
257	0	755
257	0	517
257	0	1393
257	0	458
257	0	615
257	0	172
257	0	741
257	0	368
257	0	332
257	0	1200
257	0	59
257	0	501
257	0	238
257	0	1361
559	0	67
559	0	663
559	0	211
559	0	411
559	0	1267
559	0	430
559	0	59
559	0	689
559	0	206
559	0	309
559	0	1169
559	0	533
559	0	171
559	0	818
559	0	1223
559	0	953
559	0	110
559	0	984
559	0	741
559	0	368
559	0	209
559	0	1
559	0	1361
23	0	67
23	0	663
23	0	467
23	0	1267
23	0	430
23	0	400
23	0	967
23	0	1169
23	0	533
23	0	171
23	0	818
23	0	895
23	0	922
23	0	1027
23	0	335
23	0	898
23	0	456
23	0	651
23	0	1188
23	0	1071
23	0	740
23	0	675
23	0	867
23	0	1358
23	0	809
23	0	1233
23	0	782
23	0	525
23	0	425
23	0	1361
23	0	203
23	0	840
23	0	703
255	0	235
255	0	15
255	0	1139
255	0	373
255	0	376
255	0	18
255	0	1361
120	0	1139
120	0	523
120	0	1245
120	0	1361
911	0	101
911	0	373
911	0	1126
911	0	207
911	0	949
911	0	1264
911	0	1007
911	0	1367
911	0	1039
911	0	626
911	0	542
911	0	686
911	0	221
911	0	1064
911	0	285
911	0	459
911	0	412
911	0	90
911	0	1310
911	0	1215
911	0	1101
911	0	1249
911	0	1107
911	0	977
911	0	1231
911	0	1188
911	0	1233
911	0	782
911	0	179
911	0	83
911	0	1143
911	0	812
911	0	1361
911	0	344
911	0	770
911	0	1214
911	0	814
911	0	1269
911	0	61
911	0	366
911	0	1144
911	0	247
911	0	530
911	0	1131
911	0	44
911	0	1148
911	0	1371
911	0	269
911	0	921
911	0	82
911	0	1218
911	0	970
911	0	69
239	0	702
239	0	877
239	0	537
239	0	283
239	0	668
239	0	62
239	0	1198
239	0	174
239	0	1153
239	0	64
239	0	1319
239	0	1338
239	0	584
239	0	252
239	0	1361
886	0	101
886	0	1101
886	0	927
886	0	661
886	0	918
886	0	1169
886	0	533
886	0	171
886	0	818
886	0	1223
886	0	1361
42	0	101
42	0	9
42	0	39
42	0	124
42	0	705
42	0	719
42	0	1119
42	0	685
42	0	1361
1406	0	644
1406	0	1139
1406	0	101
1406	0	358
1406	0	254
1406	0	76
1406	0	1089
1406	0	339
1406	0	1172
1406	0	755
1406	0	1030
1406	0	426
1406	0	496
1406	0	725
1406	0	121
1406	0	1217
1406	0	107
1406	0	618
1406	0	135
1406	0	395
1406	0	1271
1406	0	474
1406	0	714
1406	0	310
1406	0	503
1406	0	813
1406	0	433
1406	0	1078
1406	0	1154
1406	0	706
1406	0	573
1406	0	278
1406	0	488
1406	0	975
1406	0	192
1406	0	1411
1406	0	678
1406	0	780
1406	0	227
1406	0	367
1406	0	356
1406	0	431
1406	0	163
1406	0	1244
1406	0	448
1406	0	1227
1406	0	1299
1406	0	862
1406	0	490
1406	0	782
1406	0	1053
1406	0	1397
1406	0	1387
1406	0	141
1406	0	1169
1406	0	533
1406	0	171
1406	0	818
1406	0	961
1406	0	1361
1406	0	44
1406	0	530
1406	0	1131
1406	0	305
1406	0	787
1406	0	1091
1406	0	1127
1156	0	67
1156	0	663
1156	0	580
1156	0	1267
1156	0	430
1156	0	59
1156	0	689
1156	0	206
1156	0	309
1156	0	1169
1156	0	533
1156	0	171
1156	0	818
1156	0	1223
1156	0	953
1156	0	997
1156	0	1032
1156	0	1297
1156	0	188
1156	0	209
1156	0	1361
868	0	101
868	0	1101
868	0	927
868	0	661
868	0	918
868	0	1289
868	0	1169
868	0	533
868	0	171
868	0	818
868	0	1223
868	0	14
868	0	902
868	0	1361
1210	0	67
1210	0	663
1210	0	1101
1210	0	1267
1210	0	430
1210	0	956
1210	0	714
1210	0	310
1210	0	1076
1210	0	302
1210	0	760
1210	0	652
1210	0	469
1210	0	1357
1210	0	11
1210	0	1110
1210	0	1272
1210	0	279
1210	0	118
1210	0	591
1210	0	288
1210	0	612
1210	0	538
1210	0	644
1210	0	1361
531	0	101
531	0	446
531	0	296
531	0	1099
531	0	31
531	0	219
531	0	1065
531	0	859
531	0	97
531	0	1292
531	0	506
531	0	613
531	0	1361
1113	0	101
1113	0	207
1113	0	1096
1113	0	955
1113	0	444
1113	0	664
1113	0	587
1113	0	225
1113	0	1301
1113	0	901
1113	0	545
1113	0	70
1113	0	824
1113	0	816
1113	0	1361
1113	0	764
1113	0	213
1113	0	361
1113	0	438
1230	0	1108
1230	0	1276
1230	0	89
1230	0	260
1230	0	131
1230	0	552
1230	0	1361
996	0	67
996	0	663
996	0	629
996	0	150
996	0	391
996	0	238
996	0	1348
996	0	68
996	0	467
996	0	1361
1372	0	101
1372	0	1101
1372	0	45
1372	0	1363
1372	0	833
1372	0	44
1372	0	1169
1372	0	533
1372	0	171
1372	0	818
1372	0	539
1372	0	289
1372	0	241
1372	0	114
1372	0	1067
1372	0	986
1372	0	328
1372	0	71
1372	0	894
1372	0	316
1372	0	1375
1372	0	727
1372	0	143
1372	0	177
1372	0	275
1372	0	1323
1372	0	1013
1372	0	112
1372	0	524
1372	0	403
1372	0	439
1372	0	352
1372	0	297
1372	0	903
1372	0	717
1372	0	265
1372	0	1112
1372	0	336
1372	0	1364
1372	0	326
1372	0	1400
1372	0	1318
1372	0	445
1372	0	176
1372	0	98
1372	0	1252
1372	0	256
1372	0	999
1372	0	187
1372	0	1361
113	0	101
113	0	1176
113	0	51
113	0	211
113	0	1361
1326	0	67
1326	0	663
1326	0	969
1326	0	568
1326	0	750
1326	0	238
1326	0	480
1326	0	1005
1326	0	744
1326	0	1215
1326	0	1308
1326	0	1369
1326	0	814
1326	0	762
1326	0	481
1326	0	357
1326	0	525
1326	0	169
1326	0	1027
1326	0	739
1326	0	693
1326	0	716
1326	0	7
1326	0	371
1326	0	450
1326	0	334
1326	0	820
1326	0	1361
534	0	101
534	0	235
534	0	373
534	0	1177
534	0	660
534	0	1264
534	0	1007
534	0	1317
534	0	709
534	0	1290
534	0	102
534	0	505
534	0	1361
534	0	1351
534	0	1286
22	0	101
22	0	1280
22	0	614
22	0	31
22	0	1099
22	0	1065
22	0	219
22	0	1267
22	0	430
22	0	1292
22	0	763
22	0	327
22	0	1169
22	0	533
22	0	171
22	0	818
22	0	924
22	0	1188
22	0	1361
972	0	67
972	0	663
972	0	1216
972	0	1169
972	0	533
972	0	171
972	0	818
972	0	1223
972	0	953
972	0	1404
972	0	560
972	0	598
972	0	549
972	0	583
972	0	853
972	0	964
972	0	864
972	0	1330
972	0	1361
1187	0	1413
1187	0	1010
1187	0	147
1187	0	1097
1187	0	1361
1420	0	244
1420	0	1139
1420	0	101
1420	0	865
1420	0	535
1420	0	160
1420	0	670
1420	0	745
1420	0	494
1420	0	1090
1420	0	990
1420	0	856
1420	0	1224
1420	0	1157
1420	0	729
1420	0	829
1420	0	1134
1420	0	634
1420	0	929
1420	0	28
1420	0	1312
1420	0	892
1420	0	196
1420	0	935
1420	0	666
1420	0	1294
1420	0	1361
1420	0	1068
1420	0	1147
1420	0	1155
1420	0	1335
1420	0	1148
1420	0	554
1420	0	680
1420	0	863
1420	0	747
1420	0	694
1420	0	30
1420	0	134
1420	0	1337
1420	0	290
1420	0	295
220	0	101
220	0	927
220	0	661
220	0	1169
220	0	533
220	0	171
220	0	818
220	0	1223
220	0	391
220	0	155
220	0	1361
563	0	1407
563	0	504
563	0	67
563	0	663
563	0	572
563	0	294
563	0	775
563	0	1189
563	0	532
563	0	1390
563	0	845
563	0	1361
751	1	776
751	1	1055
751	1	724
751	1	5
751	1	350
751	1	461
751	1	959
751	1	311
751	1	928
751	1	1402
751	1	272
751	1	653
751	1	271
751	1	355
751	1	835
751	1	1296
751	1	698
751	1	1339
751	1	870
751	1	526
751	1	189
751	1	640
751	1	766
751	1	1145
751	1	417
751	1	907
751	1	1180
751	1	136
751	1	185
751	1	397
751	1	878
751	1	773
751	1	540
751	1	857
751	1	973
751	1	839
751	1	1221
751	1	732
751	1	1150
751	1	873
751	1	383
751	1	340
751	1	1401
751	1	4
751	1	1164
751	1	910
751	1	1278
751	1	394
751	1	1104
751	1	774
751	1	132
751	1	1024
751	1	1235
751	1	1141
751	1	1342
751	1	672
751	1	1377
751	1	1046
751	1	453
751	1	528
751	1	547
751	1	519
751	1	298
751	1	1246
751	1	257
751	1	559
751	1	23
751	1	255
751	1	120
751	1	911
751	1	239
751	1	886
751	1	42
751	1	1406
751	1	1156
751	1	868
751	1	1210
751	1	531
751	1	1113
751	1	1230
751	1	996
751	1	1372
751	1	113
751	1	1326
751	1	534
751	1	22
751	1	972
751	1	1187
751	1	1420
751	1	220
751	1	563
776	1	1055
776	1	724
776	1	5
776	1	350
776	1	461
776	1	959
776	1	311
776	1	928
776	1	1402
776	1	272
776	1	653
776	1	271
776	1	355
776	1	835
776	1	1296
776	1	698
776	1	1339
776	1	870
776	1	526
776	1	189
776	1	640
776	1	766
776	1	1145
776	1	417
776	1	907
776	1	1180
776	1	136
776	1	185
776	1	397
776	1	878
776	1	773
776	1	540
776	1	857
776	1	973
776	1	839
776	1	1221
776	1	732
776	1	1150
776	1	873
776	1	383
776	1	340
776	1	1401
776	1	4
776	1	1164
776	1	910
776	1	1278
776	1	394
776	1	1104
776	1	774
776	1	132
776	1	1024
776	1	1235
776	1	1141
776	1	1342
776	1	672
776	1	1377
776	1	1046
776	1	453
776	1	528
776	1	547
776	1	519
776	1	298
776	1	1246
776	1	257
776	1	559
776	1	23
776	1	255
776	1	120
776	1	911
776	1	239
776	1	886
776	1	42
776	1	1406
776	1	1156
776	1	868
776	1	1210
776	1	531
776	1	1113
776	1	1230
776	1	996
776	1	1372
776	1	113
776	1	1326
776	1	534
776	1	22
776	1	972
776	1	1187
776	1	1420
776	1	220
776	1	563
1055	1	724
1055	1	5
1055	1	350
1055	1	461
1055	1	959
1055	1	311
1055	1	928
1055	1	1402
1055	1	272
1055	1	653
1055	1	271
1055	1	355
1055	1	835
1055	1	1296
1055	1	698
1055	1	1339
1055	1	870
1055	1	526
1055	1	189
1055	1	640
1055	1	766
1055	1	1145
1055	1	417
1055	1	907
1055	1	1180
1055	1	136
1055	1	185
1055	1	397
1055	1	878
1055	1	773
1055	1	540
1055	1	857
1055	1	973
1055	1	839
1055	1	1221
1055	1	732
1055	1	1150
1055	1	873
1055	1	383
1055	1	340
1055	1	1401
1055	1	4
1055	1	1164
1055	1	910
1055	1	1278
1055	1	394
1055	1	1104
1055	1	774
1055	1	132
1055	1	1024
1055	1	1235
1055	1	1141
1055	1	1342
1055	1	672
1055	1	1377
1055	1	1046
1055	1	453
1055	1	528
1055	1	547
1055	1	519
1055	1	298
1055	1	1246
1055	1	257
1055	1	559
1055	1	23
1055	1	255
1055	1	120
1055	1	911
1055	1	239
1055	1	886
1055	1	42
1055	1	1406
1055	1	1156
1055	1	868
1055	1	1210
1055	1	531
1055	1	1113
1055	1	1230
1055	1	996
1055	1	1372
1055	1	113
1055	1	1326
1055	1	534
1055	1	22
1055	1	972
1055	1	1187
1055	1	1420
1055	1	220
1055	1	563
724	1	5
724	1	350
724	1	461
724	1	959
724	1	311
724	1	928
724	1	1402
724	1	272
724	1	653
724	1	271
724	1	355
724	1	835
724	1	1296
724	1	698
724	1	1339
724	1	870
724	1	526
724	1	189
724	1	640
724	1	766
724	1	1145
724	1	417
724	1	907
724	1	1180
724	1	136
724	1	185
724	1	397
724	1	878
724	1	773
724	1	540
724	1	857
724	1	973
724	1	839
724	1	1221
724	1	732
724	1	1150
724	1	873
724	1	383
724	1	340
724	1	1401
724	1	4
724	1	1164
724	1	910
724	1	1278
724	1	394
724	1	1104
724	1	774
724	1	132
724	1	1024
724	1	1235
724	1	1141
724	1	1342
724	1	672
724	1	1377
724	1	1046
724	1	453
724	1	528
724	1	547
724	1	519
724	1	298
724	1	1246
724	1	257
724	1	559
724	1	23
724	1	255
724	1	120
724	1	911
724	1	239
724	1	886
724	1	42
724	1	1406
724	1	1156
724	1	868
724	1	1210
724	1	531
724	1	1113
724	1	1230
724	1	996
724	1	1372
724	1	113
724	1	1326
724	1	534
724	1	22
724	1	972
724	1	1187
724	1	1420
724	1	220
724	1	563
5	1	350
5	1	461
5	1	959
5	1	311
5	1	928
5	1	1402
5	1	272
5	1	653
5	1	271
5	1	355
5	1	835
5	1	1296
5	1	698
5	1	1339
5	1	870
5	1	526
5	1	189
5	1	640
5	1	766
5	1	1145
5	1	417
5	1	907
5	1	1180
5	1	136
5	1	185
5	1	397
5	1	878
5	1	773
5	1	540
5	1	857
5	1	973
5	1	839
5	1	1221
5	1	732
5	1	1150
5	1	873
5	1	383
5	1	340
5	1	1401
5	1	4
5	1	1164
5	1	910
5	1	1278
5	1	394
5	1	1104
5	1	774
5	1	132
5	1	1024
5	1	1235
5	1	1141
5	1	1342
5	1	672
5	1	1377
5	1	1046
5	1	453
5	1	528
5	1	547
5	1	519
5	1	298
5	1	1246
5	1	257
5	1	559
5	1	23
5	1	255
5	1	120
5	1	911
5	1	239
5	1	886
5	1	42
5	1	1406
5	1	1156
5	1	868
5	1	1210
5	1	531
5	1	1113
5	1	1230
5	1	996
5	1	1372
5	1	113
5	1	1326
5	1	534
5	1	22
5	1	972
5	1	1187
5	1	1420
5	1	220
5	1	563
350	1	461
350	1	959
350	1	311
350	1	928
350	1	1402
350	1	272
350	1	653
350	1	271
350	1	355
350	1	835
350	1	1296
350	1	698
350	1	1339
350	1	870
350	1	526
350	1	189
350	1	640
350	1	766
350	1	1145
350	1	417
350	1	907
350	1	1180
350	1	136
350	1	185
350	1	397
350	1	878
350	1	773
350	1	540
350	1	857
350	1	973
350	1	839
350	1	1221
350	1	732
350	1	1150
350	1	873
350	1	383
350	1	340
350	1	1401
350	1	4
350	1	1164
350	1	910
350	1	1278
350	1	394
350	1	1104
350	1	774
350	1	132
350	1	1024
350	1	1235
350	1	1141
350	1	1342
350	1	672
350	1	1377
350	1	1046
350	1	453
350	1	528
350	1	547
350	1	519
350	1	298
350	1	1246
350	1	257
350	1	559
350	1	23
350	1	255
350	1	120
350	1	911
350	1	239
350	1	886
350	1	42
350	1	1406
350	1	1156
350	1	868
350	1	1210
350	1	531
350	1	1113
350	1	1230
350	1	996
350	1	1372
350	1	113
350	1	1326
350	1	534
350	1	22
350	1	972
350	1	1187
350	1	1420
350	1	220
350	1	563
461	1	959
461	1	311
461	1	928
461	1	1402
461	1	272
461	1	653
461	1	271
461	1	355
461	1	835
461	1	1296
461	1	698
461	1	1339
461	1	870
461	1	526
461	1	189
461	1	640
461	1	766
461	1	1145
461	1	417
461	1	907
461	1	1180
461	1	136
461	1	185
461	1	397
461	1	878
461	1	773
461	1	540
461	1	857
461	1	973
461	1	839
461	1	1221
461	1	732
461	1	1150
461	1	873
461	1	383
461	1	340
461	1	1401
461	1	4
461	1	1164
461	1	910
461	1	1278
461	1	394
461	1	1104
461	1	774
461	1	132
461	1	1024
461	1	1235
461	1	1141
461	1	1342
461	1	672
461	1	1377
461	1	1046
461	1	453
461	1	528
461	1	547
461	1	519
461	1	298
461	1	1246
461	1	257
461	1	559
461	1	23
461	1	255
461	1	120
461	1	911
461	1	239
461	1	886
461	1	42
461	1	1406
461	1	1156
461	1	868
461	1	1210
461	1	531
461	1	1113
461	1	1230
461	1	996
461	1	1372
461	1	113
461	1	1326
461	1	534
461	1	22
461	1	972
461	1	1187
461	1	1420
461	1	220
461	1	563
959	1	311
959	1	928
959	1	1402
959	1	272
959	1	653
959	1	271
959	1	355
959	1	835
959	1	1296
959	1	698
959	1	1339
959	1	870
959	1	526
959	1	189
959	1	640
959	1	766
959	1	1145
959	1	417
959	1	907
959	1	1180
959	1	136
959	1	185
959	1	397
959	1	878
959	1	773
959	1	540
959	1	857
959	1	973
959	1	839
959	1	1221
959	1	732
959	1	1150
959	1	873
959	1	383
959	1	340
959	1	1401
959	1	4
959	1	1164
959	1	910
959	1	1278
959	1	394
959	1	1104
959	1	774
959	1	132
959	1	1024
959	1	1235
959	1	1141
959	1	1342
959	1	672
959	1	1377
959	1	1046
959	1	453
959	1	528
959	1	547
959	1	519
959	1	298
959	1	1246
959	1	257
959	1	559
959	1	23
959	1	255
959	1	120
959	1	911
959	1	239
959	1	886
959	1	42
959	1	1406
959	1	1156
959	1	868
959	1	1210
959	1	531
959	1	1113
959	1	1230
959	1	996
959	1	1372
959	1	113
959	1	1326
959	1	534
959	1	22
959	1	972
959	1	1187
959	1	1420
959	1	220
959	1	563
311	1	928
311	1	1402
311	1	272
311	1	653
311	1	271
311	1	355
311	1	835
311	1	1296
311	1	698
311	1	1339
311	1	870
311	1	526
311	1	189
311	1	640
311	1	766
311	1	1145
311	1	417
311	1	907
311	1	1180
311	1	136
311	1	185
311	1	397
311	1	878
311	1	773
311	1	540
311	1	857
311	1	973
311	1	839
311	1	1221
311	1	732
311	1	1150
311	1	873
311	1	383
311	1	340
311	1	1401
311	1	4
311	1	1164
311	1	910
311	1	1278
311	1	394
311	1	1104
311	1	774
311	1	132
311	1	1024
311	1	1235
311	1	1141
311	1	1342
311	1	672
311	1	1377
311	1	1046
311	1	453
311	1	528
311	1	547
311	1	519
311	1	298
311	1	1246
311	1	257
311	1	559
311	1	23
311	1	255
311	1	120
311	1	911
311	1	239
311	1	886
311	1	42
311	1	1406
311	1	1156
311	1	868
311	1	1210
311	1	531
311	1	1113
311	1	1230
311	1	996
311	1	1372
311	1	113
311	1	1326
311	1	534
311	1	22
311	1	972
311	1	1187
311	1	1420
311	1	220
311	1	563
928	1	1402
928	1	272
928	1	653
928	1	271
928	1	355
928	1	835
928	1	1296
928	1	698
928	1	1339
928	1	870
928	1	526
928	1	189
928	1	640
928	1	766
928	1	1145
928	1	417
928	1	907
928	1	1180
928	1	136
928	1	185
928	1	397
928	1	878
928	1	773
928	1	540
928	1	857
928	1	973
928	1	839
928	1	1221
928	1	732
928	1	1150
928	1	873
928	1	383
928	1	340
928	1	1401
928	1	4
928	1	1164
928	1	910
928	1	1278
928	1	394
928	1	1104
928	1	774
928	1	132
928	1	1024
928	1	1235
928	1	1141
928	1	1342
928	1	672
928	1	1377
928	1	1046
928	1	453
928	1	528
928	1	547
928	1	519
928	1	298
928	1	1246
928	1	257
928	1	559
928	1	23
928	1	255
928	1	120
928	1	911
928	1	239
928	1	886
928	1	42
928	1	1406
928	1	1156
928	1	868
928	1	1210
928	1	531
928	1	1113
928	1	1230
928	1	996
928	1	1372
928	1	113
928	1	1326
928	1	534
928	1	22
928	1	972
928	1	1187
928	1	1420
928	1	220
928	1	563
1402	1	272
1402	1	653
1402	1	271
1402	1	355
1402	1	835
1402	1	1296
1402	1	698
1402	1	1339
1402	1	870
1402	1	526
1402	1	189
1402	1	640
1402	1	766
1402	1	1145
1402	1	417
1402	1	907
1402	1	1180
1402	1	136
1402	1	185
1402	1	397
1402	1	878
1402	1	773
1402	1	540
1402	1	857
1402	1	973
1402	1	839
1402	1	1221
1402	1	732
1402	1	1150
1402	1	873
1402	1	383
1402	1	340
1402	1	1401
1402	1	4
1402	1	1164
1402	1	910
1402	1	1278
1402	1	394
1402	1	1104
1402	1	774
1402	1	132
1402	1	1024
1402	1	1235
1402	1	1141
1402	1	1342
1402	1	672
1402	1	1377
1402	1	1046
1402	1	453
1402	1	528
1402	1	547
1402	1	519
1402	1	298
1402	1	1246
1402	1	257
1402	1	559
1402	1	23
1402	1	255
1402	1	120
1402	1	911
1402	1	239
1402	1	886
1402	1	42
1402	1	1406
1402	1	1156
1402	1	868
1402	1	1210
1402	1	531
1402	1	1113
1402	1	1230
1402	1	996
1402	1	1372
1402	1	113
1402	1	1326
1402	1	534
1402	1	22
1402	1	972
1402	1	1187
1402	1	1420
1402	1	220
1402	1	563
272	1	653
272	1	271
272	1	355
272	1	835
272	1	1296
272	1	698
272	1	1339
272	1	870
272	1	526
272	1	189
272	1	640
272	1	766
272	1	1145
272	1	417
272	1	907
272	1	1180
272	1	136
272	1	185
272	1	397
272	1	878
272	1	773
272	1	540
272	1	857
272	1	973
272	1	839
272	1	1221
272	1	732
272	1	1150
272	1	873
272	1	383
272	1	340
272	1	1401
272	1	4
272	1	1164
272	1	910
272	1	1278
272	1	394
272	1	1104
272	1	774
272	1	132
272	1	1024
272	1	1235
272	1	1141
272	1	1342
272	1	672
272	1	1377
272	1	1046
272	1	453
272	1	528
272	1	547
272	1	519
272	1	298
272	1	1246
272	1	257
272	1	559
272	1	23
272	1	255
272	1	120
272	1	911
272	1	239
272	1	886
272	1	42
272	1	1406
272	1	1156
272	1	868
272	1	1210
272	1	531
272	1	1113
272	1	1230
272	1	996
272	1	1372
272	1	113
272	1	1326
272	1	534
272	1	22
272	1	972
272	1	1187
272	1	1420
272	1	220
272	1	563
653	1	271
653	1	355
653	1	835
653	1	1296
653	1	698
653	1	1339
653	1	870
653	1	526
653	1	189
653	1	640
653	1	766
653	1	1145
653	1	417
653	1	907
653	1	1180
653	1	136
653	1	185
653	1	397
653	1	878
653	1	773
653	1	540
653	1	857
653	1	973
653	1	839
653	1	1221
653	1	732
653	1	1150
653	1	873
653	1	383
653	1	340
653	1	1401
653	1	4
653	1	1164
653	1	910
653	1	1278
653	1	394
653	1	1104
653	1	774
653	1	132
653	1	1024
653	1	1235
653	1	1141
653	1	1342
653	1	672
653	1	1377
653	1	1046
653	1	453
653	1	528
653	1	547
653	1	519
653	1	298
653	1	1246
653	1	257
653	1	559
653	1	23
653	1	255
653	1	120
653	1	911
653	1	239
653	1	886
653	1	42
653	1	1406
653	1	1156
653	1	868
653	1	1210
653	1	531
653	1	1113
653	1	1230
653	1	996
653	1	1372
653	1	113
653	1	1326
653	1	534
653	1	22
653	1	972
653	1	1187
653	1	1420
653	1	220
653	1	563
271	1	355
271	1	835
271	1	1296
271	1	698
271	1	1339
271	1	870
271	1	526
271	1	189
271	1	640
271	1	766
271	1	1145
271	1	417
271	1	907
271	1	1180
271	1	136
271	1	185
271	1	397
271	1	878
271	1	773
271	1	540
271	1	857
271	1	973
271	1	839
271	1	1221
271	1	732
271	1	1150
271	1	873
271	1	383
271	1	340
271	1	1401
271	1	4
271	1	1164
271	1	910
271	1	1278
271	1	394
271	1	1104
271	1	774
271	1	132
271	1	1024
271	1	1235
271	1	1141
271	1	1342
271	1	672
271	1	1377
271	1	1046
271	1	453
271	1	528
271	1	547
271	1	519
271	1	298
271	1	1246
271	1	257
271	1	559
271	1	23
271	1	255
271	1	120
271	1	911
271	1	239
271	1	886
271	1	42
271	1	1406
271	1	1156
271	1	868
271	1	1210
271	1	531
271	1	1113
271	1	1230
271	1	996
271	1	1372
271	1	113
271	1	1326
271	1	534
271	1	22
271	1	972
271	1	1187
271	1	1420
271	1	220
271	1	563
355	1	835
355	1	1296
355	1	698
355	1	1339
355	1	870
355	1	526
355	1	189
355	1	640
355	1	766
355	1	1145
355	1	417
355	1	907
355	1	1180
355	1	136
355	1	185
355	1	397
355	1	878
355	1	773
355	1	540
355	1	857
355	1	973
355	1	839
355	1	1221
355	1	732
355	1	1150
355	1	873
355	1	383
355	1	340
355	1	1401
355	1	4
355	1	1164
355	1	910
355	1	1278
355	1	394
355	1	1104
355	1	774
355	1	132
355	1	1024
355	1	1235
355	1	1141
355	1	1342
355	1	672
355	1	1377
355	1	1046
355	1	453
355	1	528
355	1	547
355	1	519
355	1	298
355	1	1246
355	1	257
355	1	559
355	1	23
355	1	255
355	1	120
355	1	911
355	1	239
355	1	886
355	1	42
355	1	1406
355	1	1156
355	1	868
355	1	1210
355	1	531
355	1	1113
355	1	1230
355	1	996
355	1	1372
355	1	113
355	1	1326
355	1	534
355	1	22
355	1	972
355	1	1187
355	1	1420
355	1	220
355	1	563
835	1	1296
835	1	698
835	1	1339
835	1	870
835	1	526
835	1	189
835	1	640
835	1	766
835	1	1145
835	1	417
835	1	907
835	1	1180
835	1	136
835	1	185
835	1	397
835	1	878
835	1	773
835	1	540
835	1	857
835	1	973
835	1	839
835	1	1221
835	1	732
835	1	1150
835	1	873
835	1	383
835	1	340
835	1	1401
835	1	4
835	1	1164
835	1	910
835	1	1278
835	1	394
835	1	1104
835	1	774
835	1	132
835	1	1024
835	1	1235
835	1	1141
835	1	1342
835	1	672
835	1	1377
835	1	1046
835	1	453
835	1	528
835	1	547
835	1	519
835	1	298
835	1	1246
835	1	257
835	1	559
835	1	23
835	1	255
835	1	120
835	1	911
835	1	239
835	1	886
835	1	42
835	1	1406
835	1	1156
835	1	868
835	1	1210
835	1	531
835	1	1113
835	1	1230
835	1	996
835	1	1372
835	1	113
835	1	1326
835	1	534
835	1	22
835	1	972
835	1	1187
835	1	1420
835	1	220
835	1	563
1296	1	698
1296	1	1339
1296	1	870
1296	1	526
1296	1	189
1296	1	640
1296	1	766
1296	1	1145
1296	1	417
1296	1	907
1296	1	1180
1296	1	136
1296	1	185
1296	1	397
1296	1	878
1296	1	773
1296	1	540
1296	1	857
1296	1	973
1296	1	839
1296	1	1221
1296	1	732
1296	1	1150
1296	1	873
1296	1	383
1296	1	340
1296	1	1401
1296	1	4
1296	1	1164
1296	1	910
1296	1	1278
1296	1	394
1296	1	1104
1296	1	774
1296	1	132
1296	1	1024
1296	1	1235
1296	1	1141
1296	1	1342
1296	1	672
1296	1	1377
1296	1	1046
1296	1	453
1296	1	528
1296	1	547
1296	1	519
1296	1	298
1296	1	1246
1296	1	257
1296	1	559
1296	1	23
1296	1	255
1296	1	120
1296	1	911
1296	1	239
1296	1	886
1296	1	42
1296	1	1406
1296	1	1156
1296	1	868
1296	1	1210
1296	1	531
1296	1	1113
1296	1	1230
1296	1	996
1296	1	1372
1296	1	113
1296	1	1326
1296	1	534
1296	1	22
1296	1	972
1296	1	1187
1296	1	1420
1296	1	220
1296	1	563
698	1	1339
698	1	870
698	1	526
698	1	189
698	1	640
698	1	766
698	1	1145
698	1	417
698	1	907
698	1	1180
698	1	136
698	1	185
698	1	397
698	1	878
698	1	773
698	1	540
698	1	857
698	1	973
698	1	839
698	1	1221
698	1	732
698	1	1150
698	1	873
698	1	383
698	1	340
698	1	1401
698	1	4
698	1	1164
698	1	910
698	1	1278
698	1	394
698	1	1104
698	1	774
698	1	132
698	1	1024
698	1	1235
698	1	1141
698	1	1342
698	1	672
698	1	1377
698	1	1046
698	1	453
698	1	528
698	1	547
698	1	519
698	1	298
698	1	1246
698	1	257
698	1	559
698	1	23
698	1	255
698	1	120
698	1	911
698	1	239
698	1	886
698	1	42
698	1	1406
698	1	1156
698	1	868
698	1	1210
698	1	531
698	1	1113
698	1	1230
698	1	996
698	1	1372
698	1	113
698	1	1326
698	1	534
698	1	22
698	1	972
698	1	1187
698	1	1420
698	1	220
698	1	563
1339	1	870
1339	1	526
1339	1	189
1339	1	640
1339	1	766
1339	1	1145
1339	1	417
1339	1	907
1339	1	1180
1339	1	136
1339	1	185
1339	1	397
1339	1	878
1339	1	773
1339	1	540
1339	1	857
1339	1	973
1339	1	839
1339	1	1221
1339	1	732
1339	1	1150
1339	1	873
1339	1	383
1339	1	340
1339	1	1401
1339	1	4
1339	1	1164
1339	1	910
1339	1	1278
1339	1	394
1339	1	1104
1339	1	774
1339	1	132
1339	1	1024
1339	1	1235
1339	1	1141
1339	1	1342
1339	1	672
1339	1	1377
1339	1	1046
1339	1	453
1339	1	528
1339	1	547
1339	1	519
1339	1	298
1339	1	1246
1339	1	257
1339	1	559
1339	1	23
1339	1	255
1339	1	120
1339	1	911
1339	1	239
1339	1	886
1339	1	42
1339	1	1406
1339	1	1156
1339	1	868
1339	1	1210
1339	1	531
1339	1	1113
1339	1	1230
1339	1	996
1339	1	1372
1339	1	113
1339	1	1326
1339	1	534
1339	1	22
1339	1	972
1339	1	1187
1339	1	1420
1339	1	220
1339	1	563
870	1	526
870	1	189
870	1	640
870	1	766
870	1	1145
870	1	417
870	1	907
870	1	1180
870	1	136
870	1	185
870	1	397
870	1	878
870	1	773
870	1	540
870	1	857
870	1	973
870	1	839
870	1	1221
870	1	732
870	1	1150
870	1	873
870	1	383
870	1	340
870	1	1401
870	1	4
870	1	1164
870	1	910
870	1	1278
870	1	394
870	1	1104
870	1	774
870	1	132
870	1	1024
870	1	1235
870	1	1141
870	1	1342
870	1	672
870	1	1377
870	1	1046
870	1	453
870	1	528
870	1	547
870	1	519
870	1	298
870	1	1246
870	1	257
870	1	559
870	1	23
870	1	255
870	1	120
870	1	911
870	1	239
870	1	886
870	1	42
870	1	1406
870	1	1156
870	1	868
870	1	1210
870	1	531
870	1	1113
870	1	1230
870	1	996
870	1	1372
870	1	113
870	1	1326
870	1	534
870	1	22
870	1	972
870	1	1187
870	1	1420
870	1	220
870	1	563
526	1	189
526	1	640
526	1	766
526	1	1145
526	1	417
526	1	907
526	1	1180
526	1	136
526	1	185
526	1	397
526	1	878
526	1	773
526	1	540
526	1	857
526	1	973
526	1	839
526	1	1221
526	1	732
526	1	1150
526	1	873
526	1	383
526	1	340
526	1	1401
526	1	4
526	1	1164
526	1	910
526	1	1278
526	1	394
526	1	1104
526	1	774
526	1	132
526	1	1024
526	1	1235
526	1	1141
526	1	1342
526	1	672
526	1	1377
526	1	1046
526	1	453
526	1	528
526	1	547
526	1	519
526	1	298
526	1	1246
526	1	257
526	1	559
526	1	23
526	1	255
526	1	120
526	1	911
526	1	239
526	1	886
526	1	42
526	1	1406
526	1	1156
526	1	868
526	1	1210
526	1	531
526	1	1113
526	1	1230
526	1	996
526	1	1372
526	1	113
526	1	1326
526	1	534
526	1	22
526	1	972
526	1	1187
526	1	1420
526	1	220
526	1	563
189	1	640
189	1	766
189	1	1145
189	1	417
189	1	907
189	1	1180
189	1	136
189	1	185
189	1	397
189	1	878
189	1	773
189	1	540
189	1	857
189	1	973
189	1	839
189	1	1221
189	1	732
189	1	1150
189	1	873
189	1	383
189	1	340
189	1	1401
189	1	4
189	1	1164
189	1	910
189	1	1278
189	1	394
189	1	1104
189	1	774
189	1	132
189	1	1024
189	1	1235
189	1	1141
189	1	1342
189	1	672
189	1	1377
189	1	1046
189	1	453
189	1	528
189	1	547
189	1	519
189	1	298
189	1	1246
189	1	257
189	1	559
189	1	23
189	1	255
189	1	120
189	1	911
189	1	239
189	1	886
189	1	42
189	1	1406
189	1	1156
189	1	868
189	1	1210
189	1	531
189	1	1113
189	1	1230
189	1	996
189	1	1372
189	1	113
189	1	1326
189	1	534
189	1	22
189	1	972
189	1	1187
189	1	1420
189	1	220
189	1	563
640	1	766
640	1	1145
640	1	417
640	1	907
640	1	1180
640	1	136
640	1	185
640	1	397
640	1	878
640	1	773
640	1	540
640	1	857
640	1	973
640	1	839
640	1	1221
640	1	732
640	1	1150
640	1	873
640	1	383
640	1	340
640	1	1401
640	1	4
640	1	1164
640	1	910
640	1	1278
640	1	394
640	1	1104
640	1	774
640	1	132
640	1	1024
640	1	1235
640	1	1141
640	1	1342
640	1	672
640	1	1377
640	1	1046
640	1	453
640	1	528
640	1	547
640	1	519
640	1	298
640	1	1246
640	1	257
640	1	559
640	1	23
640	1	255
640	1	120
640	1	911
640	1	239
640	1	886
640	1	42
640	1	1406
640	1	1156
640	1	868
640	1	1210
640	1	531
640	1	1113
640	1	1230
640	1	996
640	1	1372
640	1	113
640	1	1326
640	1	534
640	1	22
640	1	972
640	1	1187
640	1	1420
640	1	220
640	1	563
766	1	1145
766	1	417
766	1	907
766	1	1180
766	1	136
766	1	185
766	1	397
766	1	878
766	1	773
766	1	540
766	1	857
766	1	973
766	1	839
766	1	1221
766	1	732
766	1	1150
766	1	873
766	1	383
766	1	340
766	1	1401
766	1	4
766	1	1164
766	1	910
766	1	1278
766	1	394
766	1	1104
766	1	774
766	1	132
766	1	1024
766	1	1235
766	1	1141
766	1	1342
766	1	672
766	1	1377
766	1	1046
766	1	453
766	1	528
766	1	547
766	1	519
766	1	298
766	1	1246
766	1	257
766	1	559
766	1	23
766	1	255
766	1	120
766	1	911
766	1	239
766	1	886
766	1	42
766	1	1406
766	1	1156
766	1	868
766	1	1210
766	1	531
766	1	1113
766	1	1230
766	1	996
766	1	1372
766	1	113
766	1	1326
766	1	534
766	1	22
766	1	972
766	1	1187
766	1	1420
766	1	220
766	1	563
1145	1	417
1145	1	907
1145	1	1180
1145	1	136
1145	1	185
1145	1	397
1145	1	878
1145	1	773
1145	1	540
1145	1	857
1145	1	973
1145	1	839
1145	1	1221
1145	1	732
1145	1	1150
1145	1	873
1145	1	383
1145	1	340
1145	1	1401
1145	1	4
1145	1	1164
1145	1	910
1145	1	1278
1145	1	394
1145	1	1104
1145	1	774
1145	1	132
1145	1	1024
1145	1	1235
1145	1	1141
1145	1	1342
1145	1	672
1145	1	1377
1145	1	1046
1145	1	453
1145	1	528
1145	1	547
1145	1	519
1145	1	298
1145	1	1246
1145	1	257
1145	1	559
1145	1	23
1145	1	255
1145	1	120
1145	1	911
1145	1	239
1145	1	886
1145	1	42
1145	1	1406
1145	1	1156
1145	1	868
1145	1	1210
1145	1	531
1145	1	1113
1145	1	1230
1145	1	996
1145	1	1372
1145	1	113
1145	1	1326
1145	1	534
1145	1	22
1145	1	972
1145	1	1187
1145	1	1420
1145	1	220
1145	1	563
417	1	907
417	1	1180
417	1	136
417	1	185
417	1	397
417	1	878
417	1	773
417	1	540
417	1	857
417	1	973
417	1	839
417	1	1221
417	1	732
417	1	1150
417	1	873
417	1	383
417	1	340
417	1	1401
417	1	4
417	1	1164
417	1	910
417	1	1278
417	1	394
417	1	1104
417	1	774
417	1	132
417	1	1024
417	1	1235
417	1	1141
417	1	1342
417	1	672
417	1	1377
417	1	1046
417	1	453
417	1	528
417	1	547
417	1	519
417	1	298
417	1	1246
417	1	257
417	1	559
417	1	23
417	1	255
417	1	120
417	1	911
417	1	239
417	1	886
417	1	42
417	1	1406
417	1	1156
417	1	868
417	1	1210
417	1	531
417	1	1113
417	1	1230
417	1	996
417	1	1372
417	1	113
417	1	1326
417	1	534
417	1	22
417	1	972
417	1	1187
417	1	1420
417	1	220
417	1	563
907	1	1180
907	1	136
907	1	185
907	1	397
907	1	878
907	1	773
907	1	540
907	1	857
907	1	973
907	1	839
907	1	1221
907	1	732
907	1	1150
907	1	873
907	1	383
907	1	340
907	1	1401
907	1	4
907	1	1164
907	1	910
907	1	1278
907	1	394
907	1	1104
907	1	774
907	1	132
907	1	1024
907	1	1235
907	1	1141
907	1	1342
907	1	672
907	1	1377
907	1	1046
907	1	453
907	1	528
907	1	547
907	1	519
907	1	298
907	1	1246
907	1	257
907	1	559
907	1	23
907	1	255
907	1	120
907	1	911
907	1	239
907	1	886
907	1	42
907	1	1406
907	1	1156
907	1	868
907	1	1210
907	1	531
907	1	1113
907	1	1230
907	1	996
907	1	1372
907	1	113
907	1	1326
907	1	534
907	1	22
907	1	972
907	1	1187
907	1	1420
907	1	220
907	1	563
1180	1	136
1180	1	185
1180	1	397
1180	1	878
1180	1	773
1180	1	540
1180	1	857
1180	1	973
1180	1	839
1180	1	1221
1180	1	732
1180	1	1150
1180	1	873
1180	1	383
1180	1	340
1180	1	1401
1180	1	4
1180	1	1164
1180	1	910
1180	1	1278
1180	1	394
1180	1	1104
1180	1	774
1180	1	132
1180	1	1024
1180	1	1235
1180	1	1141
1180	1	1342
1180	1	672
1180	1	1377
1180	1	1046
1180	1	453
1180	1	528
1180	1	547
1180	1	519
1180	1	298
1180	1	1246
1180	1	257
1180	1	559
1180	1	23
1180	1	255
1180	1	120
1180	1	911
1180	1	239
1180	1	886
1180	1	42
1180	1	1406
1180	1	1156
1180	1	868
1180	1	1210
1180	1	531
1180	1	1113
1180	1	1230
1180	1	996
1180	1	1372
1180	1	113
1180	1	1326
1180	1	534
1180	1	22
1180	1	972
1180	1	1187
1180	1	1420
1180	1	220
1180	1	563
136	1	185
136	1	397
136	1	878
136	1	773
136	1	540
136	1	857
136	1	973
136	1	839
136	1	1221
136	1	732
136	1	1150
136	1	873
136	1	383
136	1	340
136	1	1401
136	1	4
136	1	1164
136	1	910
136	1	1278
136	1	394
136	1	1104
136	1	774
136	1	132
136	1	1024
136	1	1235
136	1	1141
136	1	1342
136	1	672
136	1	1377
136	1	1046
136	1	453
136	1	528
136	1	547
136	1	519
136	1	298
136	1	1246
136	1	257
136	1	559
136	1	23
136	1	255
136	1	120
136	1	911
136	1	239
136	1	886
136	1	42
136	1	1406
136	1	1156
136	1	868
136	1	1210
136	1	531
136	1	1113
136	1	1230
136	1	996
136	1	1372
136	1	113
136	1	1326
136	1	534
136	1	22
136	1	972
136	1	1187
136	1	1420
136	1	220
136	1	563
185	1	397
185	1	878
185	1	773
185	1	540
185	1	857
185	1	973
185	1	839
185	1	1221
185	1	732
185	1	1150
185	1	873
185	1	383
185	1	340
185	1	1401
185	1	4
185	1	1164
185	1	910
185	1	1278
185	1	394
185	1	1104
185	1	774
185	1	132
185	1	1024
185	1	1235
185	1	1141
185	1	1342
185	1	672
185	1	1377
185	1	1046
185	1	453
185	1	528
185	1	547
185	1	519
185	1	298
185	1	1246
185	1	257
185	1	559
185	1	23
185	1	255
185	1	120
185	1	911
185	1	239
185	1	886
185	1	42
185	1	1406
185	1	1156
185	1	868
185	1	1210
185	1	531
185	1	1113
185	1	1230
185	1	996
185	1	1372
185	1	113
185	1	1326
185	1	534
185	1	22
185	1	972
185	1	1187
185	1	1420
185	1	220
185	1	563
397	1	878
397	1	773
397	1	540
397	1	857
397	1	973
397	1	839
397	1	1221
397	1	732
397	1	1150
397	1	873
397	1	383
397	1	340
397	1	1401
397	1	4
397	1	1164
397	1	910
397	1	1278
397	1	394
397	1	1104
397	1	774
397	1	132
397	1	1024
397	1	1235
397	1	1141
397	1	1342
397	1	672
397	1	1377
397	1	1046
397	1	453
397	1	528
397	1	547
397	1	519
397	1	298
397	1	1246
397	1	257
397	1	559
397	1	23
397	1	255
397	1	120
397	1	911
397	1	239
397	1	886
397	1	42
397	1	1406
397	1	1156
397	1	868
397	1	1210
397	1	531
397	1	1113
397	1	1230
397	1	996
397	1	1372
397	1	113
397	1	1326
397	1	534
397	1	22
397	1	972
397	1	1187
397	1	1420
397	1	220
397	1	563
878	1	773
878	1	540
878	1	857
878	1	973
878	1	839
878	1	1221
878	1	732
878	1	1150
878	1	873
878	1	383
878	1	340
878	1	1401
878	1	4
878	1	1164
878	1	910
878	1	1278
878	1	394
878	1	1104
878	1	774
878	1	132
878	1	1024
878	1	1235
878	1	1141
878	1	1342
878	1	672
878	1	1377
878	1	1046
878	1	453
878	1	528
878	1	547
878	1	519
878	1	298
878	1	1246
878	1	257
878	1	559
878	1	23
878	1	255
878	1	120
878	1	911
878	1	239
878	1	886
878	1	42
878	1	1406
878	1	1156
878	1	868
878	1	1210
878	1	531
878	1	1113
878	1	1230
878	1	996
878	1	1372
878	1	113
878	1	1326
878	1	534
878	1	22
878	1	972
878	1	1187
878	1	1420
878	1	220
878	1	563
773	1	540
773	1	857
773	1	973
773	1	839
773	1	1221
773	1	732
773	1	1150
773	1	873
773	1	383
773	1	340
773	1	1401
773	1	4
773	1	1164
773	1	910
773	1	1278
773	1	394
773	1	1104
773	1	774
773	1	132
773	1	1024
773	1	1235
773	1	1141
773	1	1342
773	1	672
773	1	1377
773	1	1046
773	1	453
773	1	528
773	1	547
773	1	519
773	1	298
773	1	1246
773	1	257
773	1	559
773	1	23
773	1	255
773	1	120
773	1	911
773	1	239
773	1	886
773	1	42
773	1	1406
773	1	1156
773	1	868
773	1	1210
773	1	531
773	1	1113
773	1	1230
773	1	996
773	1	1372
773	1	113
773	1	1326
773	1	534
773	1	22
773	1	972
773	1	1187
773	1	1420
773	1	220
773	1	563
540	1	857
540	1	973
540	1	839
540	1	1221
540	1	732
540	1	1150
540	1	873
540	1	383
540	1	340
540	1	1401
540	1	4
540	1	1164
540	1	910
540	1	1278
540	1	394
540	1	1104
540	1	774
540	1	132
540	1	1024
540	1	1235
540	1	1141
540	1	1342
540	1	672
540	1	1377
540	1	1046
540	1	453
540	1	528
540	1	547
540	1	519
540	1	298
540	1	1246
540	1	257
540	1	559
540	1	23
540	1	255
540	1	120
540	1	911
540	1	239
540	1	886
540	1	42
540	1	1406
540	1	1156
540	1	868
540	1	1210
540	1	531
540	1	1113
540	1	1230
540	1	996
540	1	1372
540	1	113
540	1	1326
540	1	534
540	1	22
540	1	972
540	1	1187
540	1	1420
540	1	220
540	1	563
857	1	973
857	1	839
857	1	1221
857	1	732
857	1	1150
857	1	873
857	1	383
857	1	340
857	1	1401
857	1	4
857	1	1164
857	1	910
857	1	1278
857	1	394
857	1	1104
857	1	774
857	1	132
857	1	1024
857	1	1235
857	1	1141
857	1	1342
857	1	672
857	1	1377
857	1	1046
857	1	453
857	1	528
857	1	547
857	1	519
857	1	298
857	1	1246
857	1	257
857	1	559
857	1	23
857	1	255
857	1	120
857	1	911
857	1	239
857	1	886
857	1	42
857	1	1406
857	1	1156
857	1	868
857	1	1210
857	1	531
857	1	1113
857	1	1230
857	1	996
857	1	1372
857	1	113
857	1	1326
857	1	534
857	1	22
857	1	972
857	1	1187
857	1	1420
857	1	220
857	1	563
973	1	839
973	1	1221
973	1	732
973	1	1150
973	1	873
973	1	383
973	1	340
973	1	1401
973	1	4
973	1	1164
973	1	910
973	1	1278
973	1	394
973	1	1104
973	1	774
973	1	132
973	1	1024
973	1	1235
973	1	1141
973	1	1342
973	1	672
973	1	1377
973	1	1046
973	1	453
973	1	528
973	1	547
973	1	519
973	1	298
973	1	1246
973	1	257
973	1	559
973	1	23
973	1	255
973	1	120
973	1	911
973	1	239
973	1	886
973	1	42
973	1	1406
973	1	1156
973	1	868
973	1	1210
973	1	531
973	1	1113
973	1	1230
973	1	996
973	1	1372
973	1	113
973	1	1326
973	1	534
973	1	22
973	1	972
973	1	1187
973	1	1420
973	1	220
973	1	563
839	1	1221
839	1	732
839	1	1150
839	1	873
839	1	383
839	1	340
839	1	1401
839	1	4
839	1	1164
839	1	910
839	1	1278
839	1	394
839	1	1104
839	1	774
839	1	132
839	1	1024
839	1	1235
839	1	1141
839	1	1342
839	1	672
839	1	1377
839	1	1046
839	1	453
839	1	528
839	1	547
839	1	519
839	1	298
839	1	1246
839	1	257
839	1	559
839	1	23
839	1	255
839	1	120
839	1	911
839	1	239
839	1	886
839	1	42
839	1	1406
839	1	1156
839	1	868
839	1	1210
839	1	531
839	1	1113
839	1	1230
839	1	996
839	1	1372
839	1	113
839	1	1326
839	1	534
839	1	22
839	1	972
839	1	1187
839	1	1420
839	1	220
839	1	563
1221	1	732
1221	1	1150
1221	1	873
1221	1	383
1221	1	340
1221	1	1401
1221	1	4
1221	1	1164
1221	1	910
1221	1	1278
1221	1	394
1221	1	1104
1221	1	774
1221	1	132
1221	1	1024
1221	1	1235
1221	1	1141
1221	1	1342
1221	1	672
1221	1	1377
1221	1	1046
1221	1	453
1221	1	528
1221	1	547
1221	1	519
1221	1	298
1221	1	1246
1221	1	257
1221	1	559
1221	1	23
1221	1	255
1221	1	120
1221	1	911
1221	1	239
1221	1	886
1221	1	42
1221	1	1406
1221	1	1156
1221	1	868
1221	1	1210
1221	1	531
1221	1	1113
1221	1	1230
1221	1	996
1221	1	1372
1221	1	113
1221	1	1326
1221	1	534
1221	1	22
1221	1	972
1221	1	1187
1221	1	1420
1221	1	220
1221	1	563
732	1	1150
732	1	873
732	1	383
732	1	340
732	1	1401
732	1	4
732	1	1164
732	1	910
732	1	1278
732	1	394
732	1	1104
732	1	774
732	1	132
732	1	1024
732	1	1235
732	1	1141
732	1	1342
732	1	672
732	1	1377
732	1	1046
732	1	453
732	1	528
732	1	547
732	1	519
732	1	298
732	1	1246
732	1	257
732	1	559
732	1	23
732	1	255
732	1	120
732	1	911
732	1	239
732	1	886
732	1	42
732	1	1406
732	1	1156
732	1	868
732	1	1210
732	1	531
732	1	1113
732	1	1230
732	1	996
732	1	1372
732	1	113
732	1	1326
732	1	534
732	1	22
732	1	972
732	1	1187
732	1	1420
732	1	220
732	1	563
1150	1	873
1150	1	383
1150	1	340
1150	1	1401
1150	1	4
1150	1	1164
1150	1	910
1150	1	1278
1150	1	394
1150	1	1104
1150	1	774
1150	1	132
1150	1	1024
1150	1	1235
1150	1	1141
1150	1	1342
1150	1	672
1150	1	1377
1150	1	1046
1150	1	453
1150	1	528
1150	1	547
1150	1	519
1150	1	298
1150	1	1246
1150	1	257
1150	1	559
1150	1	23
1150	1	255
1150	1	120
1150	1	911
1150	1	239
1150	1	886
1150	1	42
1150	1	1406
1150	1	1156
1150	1	868
1150	1	1210
1150	1	531
1150	1	1113
1150	1	1230
1150	1	996
1150	1	1372
1150	1	113
1150	1	1326
1150	1	534
1150	1	22
1150	1	972
1150	1	1187
1150	1	1420
1150	1	220
1150	1	563
873	1	383
873	1	340
873	1	1401
873	1	4
873	1	1164
873	1	910
873	1	1278
873	1	394
873	1	1104
873	1	774
873	1	132
873	1	1024
873	1	1235
873	1	1141
873	1	1342
873	1	672
873	1	1377
873	1	1046
873	1	453
873	1	528
873	1	547
873	1	519
873	1	298
873	1	1246
873	1	257
873	1	559
873	1	23
873	1	255
873	1	120
873	1	911
873	1	239
873	1	886
873	1	42
873	1	1406
873	1	1156
873	1	868
873	1	1210
873	1	531
873	1	1113
873	1	1230
873	1	996
873	1	1372
873	1	113
873	1	1326
873	1	534
873	1	22
873	1	972
873	1	1187
873	1	1420
873	1	220
873	1	563
383	1	340
383	1	1401
383	1	4
383	1	1164
383	1	910
383	1	1278
383	1	394
383	1	1104
383	1	774
383	1	132
383	1	1024
383	1	1235
383	1	1141
383	1	1342
383	1	672
383	1	1377
383	1	1046
383	1	453
383	1	528
383	1	547
383	1	519
383	1	298
383	1	1246
383	1	257
383	1	559
383	1	23
383	1	255
383	1	120
383	1	911
383	1	239
383	1	886
383	1	42
383	1	1406
383	1	1156
383	1	868
383	1	1210
383	1	531
383	1	1113
383	1	1230
383	1	996
383	1	1372
383	1	113
383	1	1326
383	1	534
383	1	22
383	1	972
383	1	1187
383	1	1420
383	1	220
383	1	563
340	1	1401
340	1	4
340	1	1164
340	1	910
340	1	1278
340	1	394
340	1	1104
340	1	774
340	1	132
340	1	1024
340	1	1235
340	1	1141
340	1	1342
340	1	672
340	1	1377
340	1	1046
340	1	453
340	1	528
340	1	547
340	1	519
340	1	298
340	1	1246
340	1	257
340	1	559
340	1	23
340	1	255
340	1	120
340	1	911
340	1	239
340	1	886
340	1	42
340	1	1406
340	1	1156
340	1	868
340	1	1210
340	1	531
340	1	1113
340	1	1230
340	1	996
340	1	1372
340	1	113
340	1	1326
340	1	534
340	1	22
340	1	972
340	1	1187
340	1	1420
340	1	220
340	1	563
1401	1	4
1401	1	1164
1401	1	910
1401	1	1278
1401	1	394
1401	1	1104
1401	1	774
1401	1	132
1401	1	1024
1401	1	1235
1401	1	1141
1401	1	1342
1401	1	672
1401	1	1377
1401	1	1046
1401	1	453
1401	1	528
1401	1	547
1401	1	519
1401	1	298
1401	1	1246
1401	1	257
1401	1	559
1401	1	23
1401	1	255
1401	1	120
1401	1	911
1401	1	239
1401	1	886
1401	1	42
1401	1	1406
1401	1	1156
1401	1	868
1401	1	1210
1401	1	531
1401	1	1113
1401	1	1230
1401	1	996
1401	1	1372
1401	1	113
1401	1	1326
1401	1	534
1401	1	22
1401	1	972
1401	1	1187
1401	1	1420
1401	1	220
1401	1	563
4	1	1164
4	1	910
4	1	1278
4	1	394
4	1	1104
4	1	774
4	1	132
4	1	1024
4	1	1235
4	1	1141
4	1	1342
4	1	672
4	1	1377
4	1	1046
4	1	453
4	1	528
4	1	547
4	1	519
4	1	298
4	1	1246
4	1	257
4	1	559
4	1	23
4	1	255
4	1	120
4	1	911
4	1	239
4	1	886
4	1	42
4	1	1406
4	1	1156
4	1	868
4	1	1210
4	1	531
4	1	1113
4	1	1230
4	1	996
4	1	1372
4	1	113
4	1	1326
4	1	534
4	1	22
4	1	972
4	1	1187
4	1	1420
4	1	220
4	1	563
1164	1	910
1164	1	1278
1164	1	394
1164	1	1104
1164	1	774
1164	1	132
1164	1	1024
1164	1	1235
1164	1	1141
1164	1	1342
1164	1	672
1164	1	1377
1164	1	1046
1164	1	453
1164	1	528
1164	1	547
1164	1	519
1164	1	298
1164	1	1246
1164	1	257
1164	1	559
1164	1	23
1164	1	255
1164	1	120
1164	1	911
1164	1	239
1164	1	886
1164	1	42
1164	1	1406
1164	1	1156
1164	1	868
1164	1	1210
1164	1	531
1164	1	1113
1164	1	1230
1164	1	996
1164	1	1372
1164	1	113
1164	1	1326
1164	1	534
1164	1	22
1164	1	972
1164	1	1187
1164	1	1420
1164	1	220
1164	1	563
910	1	1278
910	1	394
910	1	1104
910	1	774
910	1	132
910	1	1024
910	1	1235
910	1	1141
910	1	1342
910	1	672
910	1	1377
910	1	1046
910	1	453
910	1	528
910	1	547
910	1	519
910	1	298
910	1	1246
910	1	257
910	1	559
910	1	23
910	1	255
910	1	120
910	1	911
910	1	239
910	1	886
910	1	42
910	1	1406
910	1	1156
910	1	868
910	1	1210
910	1	531
910	1	1113
910	1	1230
910	1	996
910	1	1372
910	1	113
910	1	1326
910	1	534
910	1	22
910	1	972
910	1	1187
910	1	1420
910	1	220
910	1	563
1278	1	394
1278	1	1104
1278	1	774
1278	1	132
1278	1	1024
1278	1	1235
1278	1	1141
1278	1	1342
1278	1	672
1278	1	1377
1278	1	1046
1278	1	453
1278	1	528
1278	1	547
1278	1	519
1278	1	298
1278	1	1246
1278	1	257
1278	1	559
1278	1	23
1278	1	255
1278	1	120
1278	1	911
1278	1	239
1278	1	886
1278	1	42
1278	1	1406
1278	1	1156
1278	1	868
1278	1	1210
1278	1	531
1278	1	1113
1278	1	1230
1278	1	996
1278	1	1372
1278	1	113
1278	1	1326
1278	1	534
1278	1	22
1278	1	972
1278	1	1187
1278	1	1420
1278	1	220
1278	1	563
394	1	1104
394	1	774
394	1	132
394	1	1024
394	1	1235
394	1	1141
394	1	1342
394	1	672
394	1	1377
394	1	1046
394	1	453
394	1	528
394	1	547
394	1	519
394	1	298
394	1	1246
394	1	257
394	1	559
394	1	23
394	1	255
394	1	120
394	1	911
394	1	239
394	1	886
394	1	42
394	1	1406
394	1	1156
394	1	868
394	1	1210
394	1	531
394	1	1113
394	1	1230
394	1	996
394	1	1372
394	1	113
394	1	1326
394	1	534
394	1	22
394	1	972
394	1	1187
394	1	1420
394	1	220
394	1	563
1104	1	774
1104	1	132
1104	1	1024
1104	1	1235
1104	1	1141
1104	1	1342
1104	1	672
1104	1	1377
1104	1	1046
1104	1	453
1104	1	528
1104	1	547
1104	1	519
1104	1	298
1104	1	1246
1104	1	257
1104	1	559
1104	1	23
1104	1	255
1104	1	120
1104	1	911
1104	1	239
1104	1	886
1104	1	42
1104	1	1406
1104	1	1156
1104	1	868
1104	1	1210
1104	1	531
1104	1	1113
1104	1	1230
1104	1	996
1104	1	1372
1104	1	113
1104	1	1326
1104	1	534
1104	1	22
1104	1	972
1104	1	1187
1104	1	1420
1104	1	220
1104	1	563
774	1	132
774	1	1024
774	1	1235
774	1	1141
774	1	1342
774	1	672
774	1	1377
774	1	1046
774	1	453
774	1	528
774	1	547
774	1	519
774	1	298
774	1	1246
774	1	257
774	1	559
774	1	23
774	1	255
774	1	120
774	1	911
774	1	239
774	1	886
774	1	42
774	1	1406
774	1	1156
774	1	868
774	1	1210
774	1	531
774	1	1113
774	1	1230
774	1	996
774	1	1372
774	1	113
774	1	1326
774	1	534
774	1	22
774	1	972
774	1	1187
774	1	1420
774	1	220
774	1	563
132	1	1024
132	1	1235
132	1	1141
132	1	1342
132	1	672
132	1	1377
132	1	1046
132	1	453
132	1	528
132	1	547
132	1	519
132	1	298
132	1	1246
132	1	257
132	1	559
132	1	23
132	1	255
132	1	120
132	1	911
132	1	239
132	1	886
132	1	42
132	1	1406
132	1	1156
132	1	868
132	1	1210
132	1	531
132	1	1113
132	1	1230
132	1	996
132	1	1372
132	1	113
132	1	1326
132	1	534
132	1	22
132	1	972
132	1	1187
132	1	1420
132	1	220
132	1	563
1024	1	1235
1024	1	1141
1024	1	1342
1024	1	672
1024	1	1377
1024	1	1046
1024	1	453
1024	1	528
1024	1	547
1024	1	519
1024	1	298
1024	1	1246
1024	1	257
1024	1	559
1024	1	23
1024	1	255
1024	1	120
1024	1	911
1024	1	239
1024	1	886
1024	1	42
1024	1	1406
1024	1	1156
1024	1	868
1024	1	1210
1024	1	531
1024	1	1113
1024	1	1230
1024	1	996
1024	1	1372
1024	1	113
1024	1	1326
1024	1	534
1024	1	22
1024	1	972
1024	1	1187
1024	1	1420
1024	1	220
1024	1	563
1235	1	1141
1235	1	1342
1235	1	672
1235	1	1377
1235	1	1046
1235	1	453
1235	1	528
1235	1	547
1235	1	519
1235	1	298
1235	1	1246
1235	1	257
1235	1	559
1235	1	23
1235	1	255
1235	1	120
1235	1	911
1235	1	239
1235	1	886
1235	1	42
1235	1	1406
1235	1	1156
1235	1	868
1235	1	1210
1235	1	531
1235	1	1113
1235	1	1230
1235	1	996
1235	1	1372
1235	1	113
1235	1	1326
1235	1	534
1235	1	22
1235	1	972
1235	1	1187
1235	1	1420
1235	1	220
1235	1	563
1141	1	1342
1141	1	672
1141	1	1377
1141	1	1046
1141	1	453
1141	1	528
1141	1	547
1141	1	519
1141	1	298
1141	1	1246
1141	1	257
1141	1	559
1141	1	23
1141	1	255
1141	1	120
1141	1	911
1141	1	239
1141	1	886
1141	1	42
1141	1	1406
1141	1	1156
1141	1	868
1141	1	1210
1141	1	531
1141	1	1113
1141	1	1230
1141	1	996
1141	1	1372
1141	1	113
1141	1	1326
1141	1	534
1141	1	22
1141	1	972
1141	1	1187
1141	1	1420
1141	1	220
1141	1	563
1342	1	672
1342	1	1377
1342	1	1046
1342	1	453
1342	1	528
1342	1	547
1342	1	519
1342	1	298
1342	1	1246
1342	1	257
1342	1	559
1342	1	23
1342	1	255
1342	1	120
1342	1	911
1342	1	239
1342	1	886
1342	1	42
1342	1	1406
1342	1	1156
1342	1	868
1342	1	1210
1342	1	531
1342	1	1113
1342	1	1230
1342	1	996
1342	1	1372
1342	1	113
1342	1	1326
1342	1	534
1342	1	22
1342	1	972
1342	1	1187
1342	1	1420
1342	1	220
1342	1	563
672	1	1377
672	1	1046
672	1	453
672	1	528
672	1	547
672	1	519
672	1	298
672	1	1246
672	1	257
672	1	559
672	1	23
672	1	255
672	1	120
672	1	911
672	1	239
672	1	886
672	1	42
672	1	1406
672	1	1156
672	1	868
672	1	1210
672	1	531
672	1	1113
672	1	1230
672	1	996
672	1	1372
672	1	113
672	1	1326
672	1	534
672	1	22
672	1	972
672	1	1187
672	1	1420
672	1	220
672	1	563
1377	1	1046
1377	1	453
1377	1	528
1377	1	547
1377	1	519
1377	1	298
1377	1	1246
1377	1	257
1377	1	559
1377	1	23
1377	1	255
1377	1	120
1377	1	911
1377	1	239
1377	1	886
1377	1	42
1377	1	1406
1377	1	1156
1377	1	868
1377	1	1210
1377	1	531
1377	1	1113
1377	1	1230
1377	1	996
1377	1	1372
1377	1	113
1377	1	1326
1377	1	534
1377	1	22
1377	1	972
1377	1	1187
1377	1	1420
1377	1	220
1377	1	563
1046	1	453
1046	1	528
1046	1	547
1046	1	519
1046	1	298
1046	1	1246
1046	1	257
1046	1	559
1046	1	23
1046	1	255
1046	1	120
1046	1	911
1046	1	239
1046	1	886
1046	1	42
1046	1	1406
1046	1	1156
1046	1	868
1046	1	1210
1046	1	531
1046	1	1113
1046	1	1230
1046	1	996
1046	1	1372
1046	1	113
1046	1	1326
1046	1	534
1046	1	22
1046	1	972
1046	1	1187
1046	1	1420
1046	1	220
1046	1	563
453	1	528
453	1	547
453	1	519
453	1	298
453	1	1246
453	1	257
453	1	559
453	1	23
453	1	255
453	1	120
453	1	911
453	1	239
453	1	886
453	1	42
453	1	1406
453	1	1156
453	1	868
453	1	1210
453	1	531
453	1	1113
453	1	1230
453	1	996
453	1	1372
453	1	113
453	1	1326
453	1	534
453	1	22
453	1	972
453	1	1187
453	1	1420
453	1	220
453	1	563
528	1	547
528	1	519
528	1	298
528	1	1246
528	1	257
528	1	559
528	1	23
528	1	255
528	1	120
528	1	911
528	1	239
528	1	886
528	1	42
528	1	1406
528	1	1156
528	1	868
528	1	1210
528	1	531
528	1	1113
528	1	1230
528	1	996
528	1	1372
528	1	113
528	1	1326
528	1	534
528	1	22
528	1	972
528	1	1187
528	1	1420
528	1	220
528	1	563
547	1	519
547	1	298
547	1	1246
547	1	257
547	1	559
547	1	23
547	1	255
547	1	120
547	1	911
547	1	239
547	1	886
547	1	42
547	1	1406
547	1	1156
547	1	868
547	1	1210
547	1	531
547	1	1113
547	1	1230
547	1	996
547	1	1372
547	1	113
547	1	1326
547	1	534
547	1	22
547	1	972
547	1	1187
547	1	1420
547	1	220
547	1	563
519	1	298
519	1	1246
519	1	257
519	1	559
519	1	23
519	1	255
519	1	120
519	1	911
519	1	239
519	1	886
519	1	42
519	1	1406
519	1	1156
519	1	868
519	1	1210
519	1	531
519	1	1113
519	1	1230
519	1	996
519	1	1372
519	1	113
519	1	1326
519	1	534
519	1	22
519	1	972
519	1	1187
519	1	1420
519	1	220
519	1	563
298	1	1246
298	1	257
298	1	559
298	1	23
298	1	255
298	1	120
298	1	911
298	1	239
298	1	886
298	1	42
298	1	1406
298	1	1156
298	1	868
298	1	1210
298	1	531
298	1	1113
298	1	1230
298	1	996
298	1	1372
298	1	113
298	1	1326
298	1	534
298	1	22
298	1	972
298	1	1187
298	1	1420
298	1	220
298	1	563
1246	1	257
1246	1	559
1246	1	23
1246	1	255
1246	1	120
1246	1	911
1246	1	239
1246	1	886
1246	1	42
1246	1	1406
1246	1	1156
1246	1	868
1246	1	1210
1246	1	531
1246	1	1113
1246	1	1230
1246	1	996
1246	1	1372
1246	1	113
1246	1	1326
1246	1	534
1246	1	22
1246	1	972
1246	1	1187
1246	1	1420
1246	1	220
1246	1	563
257	1	559
257	1	23
257	1	255
257	1	120
257	1	911
257	1	239
257	1	886
257	1	42
257	1	1406
257	1	1156
257	1	868
257	1	1210
257	1	531
257	1	1113
257	1	1230
257	1	996
257	1	1372
257	1	113
257	1	1326
257	1	534
257	1	22
257	1	972
257	1	1187
257	1	1420
257	1	220
257	1	563
559	1	23
559	1	255
559	1	120
559	1	911
559	1	239
559	1	886
559	1	42
559	1	1406
559	1	1156
559	1	868
559	1	1210
559	1	531
559	1	1113
559	1	1230
559	1	996
559	1	1372
559	1	113
559	1	1326
559	1	534
559	1	22
559	1	972
559	1	1187
559	1	1420
559	1	220
559	1	563
23	1	255
23	1	120
23	1	911
23	1	239
23	1	886
23	1	42
23	1	1406
23	1	1156
23	1	868
23	1	1210
23	1	531
23	1	1113
23	1	1230
23	1	996
23	1	1372
23	1	113
23	1	1326
23	1	534
23	1	22
23	1	972
23	1	1187
23	1	1420
23	1	220
23	1	563
255	1	120
255	1	911
255	1	239
255	1	886
255	1	42
255	1	1406
255	1	1156
255	1	868
255	1	1210
255	1	531
255	1	1113
255	1	1230
255	1	996
255	1	1372
255	1	113
255	1	1326
255	1	534
255	1	22
255	1	972
255	1	1187
255	1	1420
255	1	220
255	1	563
120	1	911
120	1	239
120	1	886
120	1	42
120	1	1406
120	1	1156
120	1	868
120	1	1210
120	1	531
120	1	1113
120	1	1230
120	1	996
120	1	1372
120	1	113
120	1	1326
120	1	534
120	1	22
120	1	972
120	1	1187
120	1	1420
120	1	220
120	1	563
911	1	239
911	1	886
911	1	42
911	1	1406
911	1	1156
911	1	868
911	1	1210
911	1	531
911	1	1113
911	1	1230
911	1	996
911	1	1372
911	1	113
911	1	1326
911	1	534
911	1	22
911	1	972
911	1	1187
911	1	1420
911	1	220
911	1	563
239	1	886
239	1	42
239	1	1406
239	1	1156
239	1	868
239	1	1210
239	1	531
239	1	1113
239	1	1230
239	1	996
239	1	1372
239	1	113
239	1	1326
239	1	534
239	1	22
239	1	972
239	1	1187
239	1	1420
239	1	220
239	1	563
886	1	42
886	1	1406
886	1	1156
886	1	868
886	1	1210
886	1	531
886	1	1113
886	1	1230
886	1	996
886	1	1372
886	1	113
886	1	1326
886	1	534
886	1	22
886	1	972
886	1	1187
886	1	1420
886	1	220
886	1	563
42	1	1406
42	1	1156
42	1	868
42	1	1210
42	1	531
42	1	1113
42	1	1230
42	1	996
42	1	1372
42	1	113
42	1	1326
42	1	534
42	1	22
42	1	972
42	1	1187
42	1	1420
42	1	220
42	1	563
1406	1	1156
1406	1	868
1406	1	1210
1406	1	531
1406	1	1113
1406	1	1230
1406	1	996
1406	1	1372
1406	1	113
1406	1	1326
1406	1	534
1406	1	22
1406	1	972
1406	1	1187
1406	1	1420
1406	1	220
1406	1	563
1156	1	868
1156	1	1210
1156	1	531
1156	1	1113
1156	1	1230
1156	1	996
1156	1	1372
1156	1	113
1156	1	1326
1156	1	534
1156	1	22
1156	1	972
1156	1	1187
1156	1	1420
1156	1	220
1156	1	563
868	1	1210
868	1	531
868	1	1113
868	1	1230
868	1	996
868	1	1372
868	1	113
868	1	1326
868	1	534
868	1	22
868	1	972
868	1	1187
868	1	1420
868	1	220
868	1	563
1210	1	531
1210	1	1113
1210	1	1230
1210	1	996
1210	1	1372
1210	1	113
1210	1	1326
1210	1	534
1210	1	22
1210	1	972
1210	1	1187
1210	1	1420
1210	1	220
1210	1	563
531	1	1113
531	1	1230
531	1	996
531	1	1372
531	1	113
531	1	1326
531	1	534
531	1	22
531	1	972
531	1	1187
531	1	1420
531	1	220
531	1	563
1113	1	1230
1113	1	996
1113	1	1372
1113	1	113
1113	1	1326
1113	1	534
1113	1	22
1113	1	972
1113	1	1187
1113	1	1420
1113	1	220
1113	1	563
1230	1	996
1230	1	1372
1230	1	113
1230	1	1326
1230	1	534
1230	1	22
1230	1	972
1230	1	1187
1230	1	1420
1230	1	220
1230	1	563
996	1	1372
996	1	113
996	1	1326
996	1	534
996	1	22
996	1	972
996	1	1187
996	1	1420
996	1	220
996	1	563
1372	1	113
1372	1	1326
1372	1	534
1372	1	22
1372	1	972
1372	1	1187
1372	1	1420
1372	1	220
1372	1	563
113	1	1326
113	1	534
113	1	22
113	1	972
113	1	1187
113	1	1420
113	1	220
113	1	563
1326	1	534
1326	1	22
1326	1	972
1326	1	1187
1326	1	1420
1326	1	220
1326	1	563
534	1	22
534	1	972
534	1	1187
534	1	1420
534	1	220
534	1	563
22	1	972
22	1	1187
22	1	1420
22	1	220
22	1	563
972	1	1187
972	1	1420
972	1	220
972	1	563
1187	1	1420
1187	1	220
1187	1	563
1420	1	220
1420	1	563
220	1	563
