187	0	867
187	0	272
187	0	556
187	0	86
187	0	238
187	0	41
187	0	789
187	0	784
187	0	346
187	0	249
187	0	390
187	0	250
187	0	67
187	0	345
187	0	595
187	0	298
187	0	592
187	0	2
187	0	631
187	0	284
187	0	970
187	0	389
187	0	200
187	0	505
187	0	190
187	0	776
187	0	305
877	0	156
877	0	405
877	0	641
877	0	149
877	0	141
877	0	789
877	0	504
877	0	784
877	0	767
877	0	896
877	0	497
877	0	805
877	0	160
877	0	491
877	0	25
877	0	831
877	0	446
877	0	348
877	0	413
877	0	541
877	0	1014
877	0	614
877	0	146
877	0	241
877	0	379
877	0	516
877	0	184
406	0	149
406	0	272
406	0	300
406	0	370
406	0	442
406	0	740
406	0	53
814	0	272
814	0	300
814	0	125
814	0	522
814	0	202
814	0	452
814	0	247
814	0	789
814	0	784
814	0	346
814	0	249
814	0	390
814	0	323
814	0	606
814	0	810
814	0	523
814	0	894
814	0	136
814	0	781
814	0	209
814	0	358
640	0	300
640	0	522
640	0	202
640	0	452
640	0	247
640	0	789
640	0	784
640	0	346
640	0	249
640	0	995
640	0	825
640	0	601
640	0	703
640	0	294
640	0	422
640	0	95
640	0	820
640	0	783
640	0	138
640	0	454
640	0	251
640	0	897
640	0	754
640	0	911
640	0	493
640	0	273
640	0	167
640	0	397
640	0	554
640	0	341
640	0	611
640	0	205
555	0	756
555	0	867
555	0	370
555	0	149
555	0	103
555	0	300
555	0	603
555	0	50
555	0	784
555	0	504
555	0	346
555	0	249
555	0	320
555	0	692
555	0	870
555	0	731
555	0	899
555	0	318
555	0	742
555	0	398
555	0	896
555	0	641
555	0	405
555	0	497
555	0	767
555	0	481
555	0	989
555	0	178
555	0	450
555	0	412
555	0	811
555	0	1001
555	0	363
555	0	242
555	0	635
555	0	232
555	0	420
555	0	259
555	0	797
555	0	75
555	0	805
555	0	77
555	0	713
555	0	544
555	0	70
555	0	416
555	0	558
555	0	160
555	0	43
555	0	146
555	0	705
555	0	114
555	0	841
555	0	13
555	0	172
555	0	372
555	0	248
555	0	241
555	0	837
555	0	590
555	0	995
555	0	91
555	0	573
555	0	560
555	0	145
555	0	427
555	0	78
555	0	604
555	0	996
555	0	550
555	0	163
555	0	93
555	0	620
555	0	113
555	0	663
555	0	164
555	0	144
555	0	559
555	0	903
555	0	648
555	0	235
555	0	105
555	0	403
555	0	861
555	0	688
555	0	959
555	0	154
555	0	514
555	0	299
555	0	628
555	0	777
555	0	800
555	0	864
555	0	456
555	0	368
555	0	984
555	0	852
555	0	359
555	0	208
555	0	838
555	0	506
555	0	302
555	0	343
555	0	341
555	0	790
555	0	677
555	0	527
555	0	891
555	0	535
555	0	119
555	0	898
555	0	134
555	0	674
555	0	650
555	0	786
555	0	10
555	0	210
555	0	1004
555	0	375
555	0	22
555	0	227
555	0	748
555	0	157
555	0	262
555	0	5
555	0	557
555	0	279
555	0	987
555	0	362
555	0	658
555	0	579
555	0	696
555	0	204
555	0	847
555	0	469
555	0	803
555	0	206
555	0	399
555	0	879
555	0	36
555	0	623
555	0	780
555	0	487
555	0	955
555	0	240
555	0	917
555	0	974
555	0	511
555	0	739
555	0	87
555	0	714
555	0	594
555	0	414
555	0	419
555	0	528
555	0	972
555	0	637
555	0	292
555	0	569
555	0	45
555	0	337
555	0	18
555	0	834
555	0	982
555	0	905
555	0	14
555	0	737
555	0	771
555	0	759
555	0	260
555	0	689
555	0	364
555	0	939
555	0	964
555	0	201
555	0	137
555	0	616
645	0	300
645	0	522
645	0	202
645	0	452
645	0	247
645	0	789
645	0	784
645	0	346
645	0	249
645	0	390
645	0	719
645	0	151
645	0	322
645	0	495
645	0	196
645	0	482
645	0	710
645	0	886
645	0	409
645	0	197
645	0	173
645	0	888
645	0	347
645	0	117
645	0	591
645	0	639
645	0	62
645	0	32
645	0	306
645	0	9
645	0	191
645	0	723
645	0	1007
645	0	295
645	0	622
645	0	686
645	0	978
645	0	512
645	0	373
645	0	3
645	0	749
645	0	503
645	0	57
645	0	205
916	0	300
916	0	522
916	0	202
916	0	452
916	0	247
916	0	789
916	0	784
916	0	346
916	0	249
916	0	495
916	0	390
916	0	719
916	0	151
916	0	1007
916	0	622
916	0	295
916	0	686
916	0	605
916	0	54
916	0	1003
916	0	782
916	0	298
916	0	595
916	0	631
916	0	2
916	0	250
916	0	34
916	0	465
916	0	57
916	0	205
61	0	867
61	0	272
61	0	300
61	0	226
61	0	789
61	0	784
61	0	346
61	0	249
61	0	1001
61	0	522
61	0	202
61	0	452
61	0	247
61	0	706
61	0	385
61	0	872
61	0	390
61	0	659
61	0	584
61	0	84
61	0	81
61	0	440
61	0	722
61	0	439
61	0	6
61	0	798
61	0	281
61	0	866
61	0	853
61	0	224
61	0	72
61	0	432
61	0	929
61	0	7
61	0	846
61	0	333
61	0	234
61	0	26
61	0	48
61	0	1013
61	0	49
694	0	300
694	0	522
694	0	202
694	0	452
694	0	247
694	0	789
694	0	784
694	0	346
694	0	249
694	0	719
694	0	151
694	0	322
694	0	390
694	0	495
694	0	100
694	0	268
694	0	482
694	0	886
694	0	409
694	0	769
694	0	888
694	0	723
694	0	1007
694	0	295
694	0	622
694	0	686
694	0	127
694	0	57
694	0	123
858	0	300
858	0	522
858	0	202
858	0	452
858	0	247
858	0	789
858	0	784
858	0	346
858	0	249
858	0	495
858	0	284
858	0	706
858	0	23
858	0	693
858	0	768
858	0	312
858	0	986
858	0	60
858	0	940
858	0	290
858	0	653
858	0	1015
858	0	476
858	0	150
858	0	547
858	0	239
858	0	261
858	0	228
858	0	376
858	0	629
858	0	880
858	0	625
858	0	575
415	0	300
415	0	522
415	0	202
415	0	452
415	0	247
415	0	789
415	0	784
415	0	346
415	0	249
415	0	605
415	0	650
415	0	965
415	0	583
415	0	994
415	0	947
415	0	4
415	0	517
415	0	96
415	0	979
415	0	301
415	0	209
415	0	205
369	0	300
369	0	522
369	0	202
369	0	452
369	0	247
369	0	789
369	0	784
369	0	346
369	0	249
369	0	390
369	0	719
369	0	151
369	0	574
369	0	622
369	0	295
369	0	686
369	0	347
369	0	591
369	0	639
369	0	117
369	0	9
369	0	32
369	0	57
369	0	205
254	0	300
254	0	522
254	0	202
254	0	452
254	0	247
254	0	789
254	0	784
254	0	346
254	0	249
254	0	320
254	0	896
254	0	767
254	0	497
254	0	876
254	0	614
254	0	160
254	0	690
254	0	146
254	0	241
254	0	948
254	0	601
254	0	630
254	0	745
254	0	495
254	0	196
254	0	482
254	0	710
254	0	886
254	0	409
254	0	859
254	0	729
254	0	458
254	0	888
254	0	835
254	0	180
254	0	319
254	0	536
254	0	181
254	0	718
254	0	561
254	0	322
254	0	848
254	0	562
254	0	444
254	0	63
254	0	258
254	0	775
254	0	339
254	0	322
254	0	534
254	0	723
254	0	1007
254	0	670
254	0	597
254	0	66
254	0	600
254	0	46
254	0	711
254	0	844
254	0	816
254	0	315
254	0	120
254	0	677
254	0	429
254	0	123
12	0	272
12	0	300
12	0	706
12	0	522
12	0	202
12	0	452
12	0	247
12	0	789
12	0	784
12	0	346
12	0	249
12	0	838
12	0	506
12	0	94
12	0	390
12	0	738
12	0	331
12	0	360
12	0	607
12	0	901
12	0	479
12	0	148
12	0	400
12	0	165
12	0	943
12	0	709
12	0	726
12	0	229
12	0	918
12	0	209
12	0	205
388	0	300
388	0	513
388	0	346
388	0	522
388	0	202
388	0	452
388	0	247
388	0	461
388	0	130
388	0	672
388	0	650
388	0	602
388	0	947
388	0	394
388	0	218
388	0	878
388	0	457
388	0	646
388	0	365
388	0	183
388	0	520
388	0	110
388	0	919
388	0	981
388	0	350
388	0	643
388	0	819
388	0	849
388	0	930
388	0	774
388	0	474
388	0	321
388	0	906
388	0	907
388	0	806
388	0	571
388	0	44
388	0	217
388	0	532
388	0	400
388	0	962
388	0	327
388	0	274
388	0	830
388	0	976
388	0	381
388	0	377
388	0	245
388	0	727
388	0	255
388	0	132
388	0	712
388	0	933
388	0	812
388	0	700
388	0	667
388	0	971
388	0	692
388	0	671
388	0	421
388	0	40
388	0	280
388	0	458
388	0	477
388	0	1000
388	0	758
388	0	328
388	0	225
388	0	76
388	0	466
388	0	139
1012	0	300
1012	0	522
1012	0	202
1012	0	452
1012	0	247
1012	0	789
1012	0	784
1012	0	346
1012	0	249
1012	0	632
1012	0	533
1012	0	374
1012	0	979
1012	0	111
1012	0	322
1012	0	730
1012	0	968
1012	0	656
1012	0	672
1012	0	189
1012	0	585
1012	0	214
1012	0	24
1012	0	169
1012	0	507
1012	0	301
1012	0	131
1012	0	746
1012	0	501
1012	0	209
1012	0	765
383	0	300
383	0	522
383	0	202
383	0	452
383	0	247
383	0	789
383	0	784
383	0	346
383	0	249
383	0	995
383	0	567
383	0	825
383	0	95
383	0	980
383	0	743
383	0	285
383	0	587
383	0	233
383	0	71
383	0	554
383	0	341
383	0	611
383	0	205
308	0	272
308	0	300
308	0	706
308	0	522
308	0	202
308	0	452
308	0	247
308	0	914
308	0	789
308	0	784
308	0	346
308	0	249
308	0	374
308	0	96
308	0	602
308	0	976
308	0	650
308	0	965
308	0	10
308	0	583
308	0	221
308	0	97
308	0	423
308	0	869
308	0	182
308	0	893
308	0	88
308	0	217
308	0	647
308	0	400
308	0	185
308	0	660
308	0	0
308	0	956
308	0	833
308	0	943
308	0	1004
308	0	375
308	0	698
308	0	179
308	0	489
308	0	947
308	0	262
308	0	501
309	0	300
309	0	522
309	0	202
309	0	452
309	0	247
309	0	605
309	0	789
309	0	784
309	0	346
309	0	249
309	0	471
309	0	443
309	0	294
309	0	979
309	0	65
309	0	902
309	0	807
309	0	644
309	0	548
309	0	19
309	0	80
309	0	422
309	0	554
309	0	598
755	0	300
755	0	789
755	0	784
755	0	346
755	0	249
755	0	896
755	0	767
755	0	25
755	0	831
755	0	446
755	0	348
755	0	413
755	0	541
755	0	497
755	0	795
755	0	171
755	0	256
755	0	995
755	0	454
755	0	471
755	0	89
755	0	825
755	0	634
755	0	177
755	0	294
755	0	422
755	0	633
755	0	952
755	0	821
755	0	539
755	0	954
755	0	492
755	0	95
755	0	138
755	0	251
755	0	897
755	0	754
755	0	911
755	0	493
755	0	273
755	0	397
755	0	923
755	0	882
755	0	961
755	0	554
755	0	341
755	0	611
599	0	867
599	0	272
599	0	556
599	0	788
599	0	566
599	0	238
599	0	41
599	0	789
599	0	784
599	0	346
599	0	249
599	0	8
599	0	529
599	0	303
599	0	250
599	0	67
599	0	345
599	0	467
599	0	298
599	0	592
599	0	2
599	0	631
599	0	284
599	0	642
599	0	448
599	0	537
599	0	783
599	0	422
599	0	970
599	0	389
599	0	200
599	0	505
599	0	190
599	0	776
599	0	305
463	0	867
463	0	272
463	0	522
463	0	789
463	0	784
463	0	504
463	0	346
463	0	249
463	0	111
463	0	322
463	0	750
463	0	702
463	0	340
463	0	471
463	0	89
463	0	985
463	0	568
463	0	294
463	0	27
463	0	920
463	0	65
463	0	763
463	0	902
463	0	794
463	0	807
463	0	98
463	0	126
463	0	422
463	0	693
463	0	768
463	0	60
463	0	653
463	0	940
463	0	290
463	0	856
463	0	476
463	0	228
463	0	239
463	0	261
463	0	376
463	0	575
463	0	625
463	0	706
463	0	21
463	0	732
463	0	552
463	0	818
463	0	210
463	0	650
463	0	434
463	0	221
463	0	608
463	0	546
463	0	605
463	0	301
463	0	166
463	0	387
463	0	462
463	0	209
393	0	300
393	0	522
393	0	202
393	0	452
393	0	247
393	0	789
393	0	784
393	0	346
393	0	249
393	0	995
393	0	632
393	0	471
393	0	1005
393	0	294
393	0	952
393	0	539
393	0	530
393	0	422
393	0	820
393	0	783
393	0	161
393	0	95
393	0	170
393	0	357
393	0	263
393	0	975
393	0	122
393	0	209
393	0	205
220	0	300
220	0	522
220	0	202
220	0	452
220	0	247
220	0	789
220	0	784
220	0	346
220	0	249
220	0	922
220	0	471
220	0	1005
220	0	294
220	0	747
220	0	539
220	0	492
220	0	422
220	0	95
220	0	170
220	0	357
220	0	263
220	0	975
220	0	708
220	0	791
220	0	715
220	0	820
220	0	783
220	0	301
220	0	518
220	0	707
220	0	792
220	0	355
220	0	102
220	0	436
220	0	211
881	0	149
881	0	867
881	0	655
881	0	226
881	0	272
881	0	300
881	0	750
881	0	995
881	0	454
881	0	382
881	0	823
881	0	8
881	0	529
881	0	303
881	0	680
881	0	650
881	0	152
881	0	451
881	0	99
881	0	1003
881	0	195
881	0	109
881	0	883
881	0	276
310	0	300
310	0	522
310	0	202
310	0	452
310	0	247
310	0	778
310	0	673
310	0	212
310	0	618
310	0	789
310	0	784
310	0	346
310	0	249
310	0	51
310	0	294
310	0	926
310	0	715
310	0	783
310	0	963
310	0	209
310	0	341
310	0	611
1002	0	300
1002	0	789
1002	0	784
1002	0	346
1002	0	249
1002	0	896
1002	0	767
1002	0	25
1002	0	831
1002	0	526
1002	0	15
1002	0	413
1002	0	541
1002	0	497
1002	0	795
1002	0	171
1002	0	256
1002	0	995
1002	0	980
1002	0	825
1002	0	294
1002	0	422
1002	0	633
1002	0	747
1002	0	821
1002	0	539
1002	0	954
1002	0	530
1002	0	95
1002	0	92
1002	0	269
1002	0	741
1002	0	664
1002	0	494
1002	0	934
1002	0	424
1002	0	961
1002	0	554
1002	0	341
1002	0	611
855	0	272
855	0	300
855	0	706
855	0	522
855	0	202
855	0	452
855	0	247
855	0	789
855	0	784
855	0	346
855	0	249
855	0	495
855	0	390
855	0	610
855	0	912
855	0	757
855	0	596
855	0	619
855	0	988
855	0	257
855	0	1
855	0	140
855	0	250
855	0	54
855	0	1003
855	0	592
855	0	345
855	0	298
855	0	595
855	0	631
855	0	2
855	0	111
855	0	322
855	0	231
855	0	122
855	0	230
855	0	900
855	0	684
855	0	239
855	0	205
509	0	272
509	0	300
509	0	706
509	0	522
509	0	202
509	0	452
509	0	247
509	0	914
509	0	789
509	0	784
509	0	346
509	0	249
509	0	495
509	0	838
509	0	506
509	0	374
509	0	585
509	0	507
509	0	993
509	0	435
509	0	222
509	0	322
509	0	699
509	0	488
509	0	115
509	0	779
509	0	194
509	0	332
509	0	410
509	0	324
509	0	55
509	0	850
509	0	402
509	0	941
509	0	180
509	0	675
509	0	728
509	0	908
509	0	654
509	0	764
509	0	813
509	0	801
509	0	921
509	0	445
509	0	551
509	0	205
106	0	272
106	0	300
106	0	522
106	0	202
106	0	452
106	0	247
106	0	914
106	0	789
106	0	784
106	0	346
106	0	249
106	0	495
106	0	838
106	0	506
106	0	374
106	0	650
106	0	1004
106	0	583
106	0	976
106	0	602
106	0	111
106	0	322
106	0	924
106	0	719
106	0	151
106	0	723
106	0	1007
106	0	622
106	0	295
106	0	686
106	0	485
106	0	751
106	0	524
106	0	264
106	0	37
106	0	411
106	0	449
106	0	287
106	0	843
106	0	366
106	0	225
106	0	325
106	0	649
106	0	35
106	0	205
108	0	300
108	0	513
108	0	346
108	0	522
108	0	202
108	0	452
108	0	247
108	0	461
108	0	839
108	0	720
108	0	338
108	0	904
108	0	944
108	0	704
108	0	865
108	0	851
108	0	701
108	0	391
108	0	486
108	0	985
108	0	775
108	0	960
108	0	886
108	0	38
108	0	196
108	0	710
108	0	482
108	0	418
108	0	542
108	0	799
108	0	826
108	0	17
108	0	334
108	0	112
108	0	198
108	0	69
108	0	887
108	0	470
108	0	936
108	0	695
108	0	822
108	0	942
108	0	953
108	0	717
108	0	213
108	0	296
108	0	480
108	0	563
108	0	760
108	0	1011
108	0	139
473	0	756
473	0	867
473	0	370
473	0	149
473	0	103
473	0	300
473	0	603
473	0	50
473	0	784
473	0	504
473	0	346
473	0	249
473	0	215
473	0	692
473	0	870
473	0	731
473	0	899
473	0	318
473	0	742
473	0	398
473	0	896
473	0	641
473	0	405
473	0	497
473	0	767
473	0	481
473	0	989
473	0	178
473	0	450
473	0	412
473	0	811
473	0	1001
473	0	363
473	0	242
473	0	386
473	0	636
473	0	420
473	0	259
473	0	797
473	0	75
473	0	805
473	0	77
473	0	713
473	0	544
473	0	70
473	0	416
473	0	558
473	0	160
473	0	43
473	0	146
473	0	705
473	0	114
473	0	841
473	0	13
473	0	172
473	0	372
473	0	248
473	0	241
473	0	729
473	0	630
473	0	612
473	0	453
473	0	560
473	0	371
473	0	427
473	0	78
473	0	604
473	0	265
473	0	395
473	0	459
473	0	657
473	0	682
473	0	957
473	0	842
473	0	483
473	0	800
473	0	864
473	0	456
473	0	368
473	0	984
473	0	852
473	0	359
473	0	208
473	0	838
473	0	506
473	0	302
473	0	343
473	0	341
473	0	554
473	0	677
473	0	527
473	0	891
473	0	535
473	0	73
473	0	898
473	0	134
473	0	674
473	0	650
473	0	786
473	0	10
473	0	210
473	0	1004
473	0	375
473	0	698
473	0	227
473	0	748
473	0	157
473	0	262
473	0	5
473	0	557
473	0	279
473	0	987
473	0	82
473	0	336
473	0	913
473	0	696
473	0	401
473	0	829
473	0	469
473	0	246
473	0	206
473	0	36
473	0	623
473	0	780
473	0	487
473	0	955
473	0	240
473	0	917
473	0	974
473	0	511
473	0	739
473	0	87
473	0	714
473	0	594
473	0	419
473	0	982
473	0	905
473	0	14
473	0	771
473	0	759
473	0	260
473	0	689
473	0	364
473	0	939
473	0	964
473	0	201
473	0	137
473	0	616
875	0	300
875	0	522
875	0	202
875	0	452
875	0	247
875	0	549
875	0	789
875	0	784
875	0	346
875	0	249
875	0	219
875	0	161
875	0	294
875	0	926
875	0	820
875	0	783
875	0	80
875	0	396
875	0	341
875	0	611
875	0	205
854	0	272
854	0	300
854	0	125
854	0	522
854	0	202
854	0	452
854	0	247
854	0	789
854	0	784
854	0	346
854	0	249
854	0	390
854	0	94
854	0	607
854	0	479
854	0	288
854	0	270
854	0	352
854	0	991
854	0	685
854	0	894
854	0	136
854	0	781
854	0	209
854	0	358
282	0	272
282	0	300
282	0	125
282	0	522
282	0	202
282	0	452
282	0	247
282	0	789
282	0	784
282	0	346
282	0	249
282	0	374
282	0	585
282	0	678
282	0	507
282	0	135
282	0	16
282	0	895
282	0	845
282	0	770
282	0	785
282	0	991
282	0	685
282	0	868
282	0	85
282	0	136
282	0	781
282	0	551
282	0	570
498	0	272
498	0	300
498	0	329
498	0	125
498	0	522
498	0	202
498	0	452
498	0	247
498	0	789
498	0	784
498	0	346
498	0	249
498	0	390
498	0	582
498	0	991
498	0	685
498	0	868
498	0	85
498	0	136
498	0	781
498	0	209
498	0	358
68	0	706
68	0	300
68	0	522
68	0	202
68	0	452
68	0	247
68	0	789
68	0	784
68	0	346
68	0	249
68	0	533
68	0	920
68	0	294
68	0	408
68	0	8
68	0	627
68	0	529
68	0	665
68	0	303
68	0	422
68	0	289
68	0	95
68	0	367
68	0	808
68	0	824
68	0	935
68	0	735
68	0	193
68	0	162
68	0	925
68	0	133
68	0	277
68	0	28
68	0	691
496	0	300
496	0	202
496	0	522
496	0	452
496	0	247
496	0	789
496	0	784
496	0	346
496	0	249
496	0	896
496	0	767
496	0	25
496	0	831
496	0	446
496	0	348
496	0	413
496	0	541
496	0	497
496	0	630
496	0	795
496	0	171
496	0	256
496	0	471
496	0	89
496	0	848
496	0	562
496	0	444
496	0	63
496	0	258
496	0	775
496	0	339
496	0	322
496	0	909
496	0	697
496	0	425
496	0	534
496	0	793
496	0	153
496	0	666
496	0	11
496	0	175
496	0	475
496	0	447
496	0	266
496	0	983
496	0	661
496	0	815
496	0	915
496	0	681
496	0	186
496	0	252
496	0	20
496	0	426
496	0	353
496	0	344
496	0	244
496	0	920
496	0	294
496	0	422
496	0	763
496	0	65
496	0	794
496	0	902
496	0	98
496	0	807
496	0	455
496	0	997
496	0	253
496	0	428
496	0	174
496	0	147
496	0	316
496	0	540
496	0	638
496	0	863
496	0	617
496	0	203
496	0	158
496	0	243
496	0	118
496	0	796
496	0	349
496	0	52
496	0	460
496	0	961
496	0	554
496	0	341
496	0	611
615	0	300
615	0	522
615	0	202
615	0	452
615	0	247
615	0	605
615	0	789
615	0	784
615	0	346
615	0	249
615	0	39
615	0	161
615	0	294
615	0	926
615	0	820
615	0	783
615	0	387
615	0	209
615	0	205
64	0	756
64	0	867
64	0	307
64	0	609
64	0	744
64	0	25
64	0	831
64	0	446
64	0	348
64	0	413
64	0	541
64	0	1014
283	0	867
283	0	272
283	0	522
283	0	789
283	0	784
283	0	504
283	0	346
283	0	249
283	0	111
283	0	322
283	0	750
283	0	702
283	0	471
283	0	89
283	0	985
283	0	143
283	0	294
283	0	817
283	0	920
283	0	65
283	0	763
283	0	902
283	0	794
283	0	807
283	0	98
283	0	126
283	0	422
283	0	693
283	0	768
283	0	60
283	0	653
283	0	940
283	0	290
283	0	856
283	0	476
283	0	228
283	0	239
283	0	261
283	0	376
283	0	575
283	0	625
283	0	706
283	0	209
286	0	300
286	0	522
286	0	202
286	0	452
286	0	247
286	0	789
286	0	784
286	0	346
286	0	249
286	0	581
286	0	390
286	0	761
286	0	990
286	0	650
286	0	210
286	0	434
286	0	221
286	0	380
286	0	1
286	0	732
286	0	977
286	0	433
286	0	199
286	0	910
286	0	502
286	0	301
286	0	166
286	0	387
286	0	209
286	0	205
624	0	33
624	0	522
624	0	202
624	0	452
624	0	247
624	0	789
624	0	784
624	0	346
624	0	249
624	0	778
624	0	673
624	0	618
624	0	212
624	0	387
624	0	490
624	0	285
624	0	587
624	0	233
624	0	90
624	0	963
624	0	341
624	0	611
624	0	205
101	0	300
101	0	522
101	0	202
101	0	452
101	0	247
101	0	789
101	0	784
101	0	346
101	0	249
101	0	390
101	0	630
101	0	604
101	0	519
101	0	605
101	0	482
101	0	927
101	0	710
101	0	155
101	0	196
101	0	886
101	0	409
101	0	495
101	0	542
101	0	404
101	0	1007
101	0	57
101	0	205
314	0	272
314	0	300
314	0	706
314	0	522
314	0	202
314	0	452
314	0	247
314	0	914
314	0	789
314	0	784
314	0	346
314	0	249
314	0	495
314	0	838
314	0	506
314	0	374
314	0	96
314	0	650
314	0	97
314	0	947
314	0	873
314	0	297
314	0	394
314	0	29
314	0	384
314	0	992
314	0	42
314	0	430
314	0	1010
314	0	832
314	0	95
314	0	311
314	0	886
314	0	409
314	0	196
314	0	268
314	0	710
314	0	482
314	0	354
314	0	218
314	0	669
314	0	602
314	0	931
314	0	976
314	0	751
314	0	1004
314	0	250
314	0	54
314	0	592
314	0	298
314	0	595
314	0	631
314	0	2
314	0	229
314	0	479
314	0	753
314	0	500
314	0	943
314	0	857
314	0	217
314	0	462
314	0	551
314	0	205
862	0	300
862	0	522
862	0	202
862	0	452
862	0	247
862	0	789
862	0	784
862	0	346
862	0	249
862	0	662
862	0	454
862	0	888
862	0	561
862	0	138
862	0	5
862	0	407
862	0	32
862	0	275
862	0	966
862	0	545
862	0	57
862	0	123
576	0	272
576	0	300
576	0	125
576	0	522
576	0	202
576	0	452
576	0	247
576	0	789
576	0	784
576	0	346
576	0	249
576	0	390
576	0	809
576	0	840
576	0	949
576	0	85
576	0	136
576	0	31
576	0	209
576	0	358
687	0	300
687	0	522
687	0	202
687	0	452
687	0	247
687	0	789
687	0	784
687	0	346
687	0	249
687	0	390
687	0	605
687	0	317
687	0	860
687	0	945
687	0	733
687	0	683
687	0	468
687	0	787
687	0	176
687	0	57
687	0	205
478	0	272
478	0	300
478	0	706
478	0	522
478	0	202
478	0	452
478	0	247
478	0	789
478	0	784
478	0	346
478	0	249
478	0	495
478	0	838
478	0	506
478	0	374
478	0	96
478	0	267
478	0	650
478	0	947
478	0	1008
478	0	124
478	0	30
478	0	536
478	0	445
478	0	551
478	0	205
79	0	650
79	0	651
79	0	947
79	0	4
79	0	422
79	0	820
79	0	783
79	0	95
79	0	138
79	0	392
79	0	397
79	0	883
79	0	554
79	0	598
79	0	205
79	0	454
79	0	604
79	0	1005
79	0	56
79	0	294
79	0	747
79	0	538
79	0	492
79	0	897
79	0	911
79	0	273
79	0	227
79	0	748
79	0	497
79	0	614
79	0	491
79	0	25
79	0	831
79	0	446
79	0	348
79	0	413
79	0	541
79	0	1014
79	0	146
79	0	241
79	0	995
79	0	867
79	0	149
79	0	300
79	0	522
79	0	202
79	0	452
79	0	247
79	0	789
79	0	784
79	0	346
79	0	249
79	0	767
586	0	149
586	0	838
586	0	506
586	0	562
586	0	63
586	0	258
586	0	775
586	0	339
586	0	322
586	0	909
586	0	697
586	0	425
586	0	534
1009	0	867
1009	0	272
1009	0	300
1009	0	226
1009	0	789
1009	0	784
1009	0	346
1009	0	249
1009	0	1001
1009	0	522
1009	0	202
1009	0	452
1009	0	247
1009	0	706
1009	0	716
1009	0	998
1009	0	390
1009	0	659
1009	0	584
1009	0	471
1009	0	772
1009	0	356
1009	0	177
1009	0	216
1009	0	757
1009	0	596
1009	0	679
1009	0	221
1009	0	257
1009	0	1
1009	0	1006
1009	0	947
1009	0	335
1009	0	192
1009	0	551
1009	0	95
1009	0	84
1009	0	938
1009	0	440
1009	0	577
1009	0	722
1009	0	572
1009	0	752
1009	0	932
1009	0	464
1009	0	802
1009	0	958
1009	0	580
1009	0	593
1009	0	766
1009	0	626
1009	0	889
1009	0	621
1009	0	884
1009	0	531
1009	0	588
1009	0	589
1009	0	207
1009	0	1013
1009	0	49
188	0	272
188	0	300
188	0	125
188	0	522
188	0	202
188	0	452
188	0	247
188	0	789
188	0	784
188	0	346
188	0	249
188	0	374
188	0	585
188	0	437
188	0	672
188	0	656
188	0	431
188	0	507
188	0	746
188	0	159
188	0	58
188	0	523
188	0	991
188	0	685
188	0	868
188	0	85
188	0	136
188	0	781
188	0	361
188	0	501
188	0	358
973	0	300
973	0	522
973	0	202
973	0	452
973	0	247
973	0	789
973	0	784
973	0	346
973	0	249
973	0	778
973	0	673
973	0	618
973	0	212
973	0	387
973	0	630
973	0	374
973	0	214
973	0	585
973	0	24
973	0	678
973	0	507
973	0	131
973	0	746
973	0	672
973	0	885
973	0	301
973	0	51
973	0	351
973	0	501
973	0	551
973	0	209
973	0	205
736	0	149
736	0	272
736	0	300
736	0	789
736	0	784
736	0	504
736	0	322
736	0	562
736	0	775
736	0	946
736	0	721
736	0	499
736	0	515
736	0	390
736	0	584
736	0	659
736	0	734
736	0	508
736	0	730
736	0	650
736	0	950
736	0	47
736	0	296
736	0	291
736	0	564
736	0	378
736	0	59
736	0	293
736	0	342
762	0	300
762	0	522
762	0	202
762	0	452
762	0	247
762	0	789
762	0	784
762	0	346
762	0	249
762	0	630
762	0	471
762	0	825
762	0	294
762	0	952
762	0	538
762	0	530
762	0	422
762	0	95
762	0	170
762	0	357
762	0	263
762	0	975
762	0	301
762	0	521
762	0	836
762	0	304
762	0	223
762	0	525
725	0	300
725	0	513
725	0	346
725	0	522
725	0	202
725	0	452
725	0	247
725	0	839
725	0	720
725	0	338
725	0	944
725	0	330
725	0	83
725	0	128
725	0	773
725	0	724
725	0	313
725	0	121
725	0	484
725	0	890
725	0	951
725	0	129
725	0	826
725	0	417
725	0	967
725	0	365
725	0	874
725	0	520
725	0	110
725	0	919
725	0	350
725	0	981
725	0	643
725	0	441
725	0	543
725	0	438
725	0	928
725	0	74
725	0	668
725	0	271
725	0	947
725	0	297
725	0	107
725	0	892
725	0	168
725	0	553
725	0	578
725	0	142
725	0	827
725	0	116
725	0	613
725	0	999
725	0	457
725	0	937
725	0	510
725	0	819
725	0	804
725	0	969
725	0	326
725	0	676
725	0	278
725	0	565
725	0	472
725	0	104
725	0	236
725	0	871
725	0	828
725	0	971
725	0	692
725	0	671
725	0	421
725	0	237
725	0	280
725	0	458
725	0	477
725	0	1000
725	0	652
725	0	758
725	0	466
725	0	139
187	1	877
187	1	406
187	1	814
187	1	640
187	1	555
187	1	645
187	1	916
187	1	61
187	1	694
187	1	858
187	1	415
187	1	369
187	1	254
187	1	12
187	1	388
187	1	1012
187	1	383
187	1	308
187	1	309
187	1	755
187	1	599
187	1	463
187	1	393
187	1	220
187	1	881
187	1	310
187	1	1002
187	1	855
187	1	509
187	1	106
187	1	108
187	1	473
187	1	875
187	1	854
187	1	282
187	1	498
187	1	68
187	1	496
187	1	615
187	1	64
187	1	283
187	1	286
187	1	624
187	1	101
187	1	314
187	1	862
187	1	576
187	1	687
187	1	478
187	1	79
187	1	586
187	1	1009
187	1	188
187	1	973
187	1	736
187	1	762
187	1	725
877	1	406
877	1	814
877	1	640
877	1	555
877	1	645
877	1	916
877	1	61
877	1	694
877	1	858
877	1	415
877	1	369
877	1	254
877	1	12
877	1	388
877	1	1012
877	1	383
877	1	308
877	1	309
877	1	755
877	1	599
877	1	463
877	1	393
877	1	220
877	1	881
877	1	310
877	1	1002
877	1	855
877	1	509
877	1	106
877	1	108
877	1	473
877	1	875
877	1	854
877	1	282
877	1	498
877	1	68
877	1	496
877	1	615
877	1	64
877	1	283
877	1	286
877	1	624
877	1	101
877	1	314
877	1	862
877	1	576
877	1	687
877	1	478
877	1	79
877	1	586
877	1	1009
877	1	188
877	1	973
877	1	736
877	1	762
877	1	725
406	1	814
406	1	640
406	1	555
406	1	645
406	1	916
406	1	61
406	1	694
406	1	858
406	1	415
406	1	369
406	1	254
406	1	12
406	1	388
406	1	1012
406	1	383
406	1	308
406	1	309
406	1	755
406	1	599
406	1	463
406	1	393
406	1	220
406	1	881
406	1	310
406	1	1002
406	1	855
406	1	509
406	1	106
406	1	108
406	1	473
406	1	875
406	1	854
406	1	282
406	1	498
406	1	68
406	1	496
406	1	615
406	1	64
406	1	283
406	1	286
406	1	624
406	1	101
406	1	314
406	1	862
406	1	576
406	1	687
406	1	478
406	1	79
406	1	586
406	1	1009
406	1	188
406	1	973
406	1	736
406	1	762
406	1	725
814	1	640
814	1	555
814	1	645
814	1	916
814	1	61
814	1	694
814	1	858
814	1	415
814	1	369
814	1	254
814	1	12
814	1	388
814	1	1012
814	1	383
814	1	308
814	1	309
814	1	755
814	1	599
814	1	463
814	1	393
814	1	220
814	1	881
814	1	310
814	1	1002
814	1	855
814	1	509
814	1	106
814	1	108
814	1	473
814	1	875
814	1	854
814	1	282
814	1	498
814	1	68
814	1	496
814	1	615
814	1	64
814	1	283
814	1	286
814	1	624
814	1	101
814	1	314
814	1	862
814	1	576
814	1	687
814	1	478
814	1	79
814	1	586
814	1	1009
814	1	188
814	1	973
814	1	736
814	1	762
814	1	725
640	1	555
640	1	645
640	1	916
640	1	61
640	1	694
640	1	858
640	1	415
640	1	369
640	1	254
640	1	12
640	1	388
640	1	1012
640	1	383
640	1	308
640	1	309
640	1	755
640	1	599
640	1	463
640	1	393
640	1	220
640	1	881
640	1	310
640	1	1002
640	1	855
640	1	509
640	1	106
640	1	108
640	1	473
640	1	875
640	1	854
640	1	282
640	1	498
640	1	68
640	1	496
640	1	615
640	1	64
640	1	283
640	1	286
640	1	624
640	1	101
640	1	314
640	1	862
640	1	576
640	1	687
640	1	478
640	1	79
640	1	586
640	1	1009
640	1	188
640	1	973
640	1	736
640	1	762
640	1	725
555	1	645
555	1	916
555	1	61
555	1	694
555	1	858
555	1	415
555	1	369
555	1	254
555	1	12
555	1	388
555	1	1012
555	1	383
555	1	308
555	1	309
555	1	755
555	1	599
555	1	463
555	1	393
555	1	220
555	1	881
555	1	310
555	1	1002
555	1	855
555	1	509
555	1	106
555	1	108
555	1	473
555	1	875
555	1	854
555	1	282
555	1	498
555	1	68
555	1	496
555	1	615
555	1	64
555	1	283
555	1	286
555	1	624
555	1	101
555	1	314
555	1	862
555	1	576
555	1	687
555	1	478
555	1	79
555	1	586
555	1	1009
555	1	188
555	1	973
555	1	736
555	1	762
555	1	725
645	1	916
645	1	61
645	1	694
645	1	858
645	1	415
645	1	369
645	1	254
645	1	12
645	1	388
645	1	1012
645	1	383
645	1	308
645	1	309
645	1	755
645	1	599
645	1	463
645	1	393
645	1	220
645	1	881
645	1	310
645	1	1002
645	1	855
645	1	509
645	1	106
645	1	108
645	1	473
645	1	875
645	1	854
645	1	282
645	1	498
645	1	68
645	1	496
645	1	615
645	1	64
645	1	283
645	1	286
645	1	624
645	1	101
645	1	314
645	1	862
645	1	576
645	1	687
645	1	478
645	1	79
645	1	586
645	1	1009
645	1	188
645	1	973
645	1	736
645	1	762
645	1	725
916	1	61
916	1	694
916	1	858
916	1	415
916	1	369
916	1	254
916	1	12
916	1	388
916	1	1012
916	1	383
916	1	308
916	1	309
916	1	755
916	1	599
916	1	463
916	1	393
916	1	220
916	1	881
916	1	310
916	1	1002
916	1	855
916	1	509
916	1	106
916	1	108
916	1	473
916	1	875
916	1	854
916	1	282
916	1	498
916	1	68
916	1	496
916	1	615
916	1	64
916	1	283
916	1	286
916	1	624
916	1	101
916	1	314
916	1	862
916	1	576
916	1	687
916	1	478
916	1	79
916	1	586
916	1	1009
916	1	188
916	1	973
916	1	736
916	1	762
916	1	725
61	1	694
61	1	858
61	1	415
61	1	369
61	1	254
61	1	12
61	1	388
61	1	1012
61	1	383
61	1	308
61	1	309
61	1	755
61	1	599
61	1	463
61	1	393
61	1	220
61	1	881
61	1	310
61	1	1002
61	1	855
61	1	509
61	1	106
61	1	108
61	1	473
61	1	875
61	1	854
61	1	282
61	1	498
61	1	68
61	1	496
61	1	615
61	1	64
61	1	283
61	1	286
61	1	624
61	1	101
61	1	314
61	1	862
61	1	576
61	1	687
61	1	478
61	1	79
61	1	586
61	1	1009
61	1	188
61	1	973
61	1	736
61	1	762
61	1	725
694	1	858
694	1	415
694	1	369
694	1	254
694	1	12
694	1	388
694	1	1012
694	1	383
694	1	308
694	1	309
694	1	755
694	1	599
694	1	463
694	1	393
694	1	220
694	1	881
694	1	310
694	1	1002
694	1	855
694	1	509
694	1	106
694	1	108
694	1	473
694	1	875
694	1	854
694	1	282
694	1	498
694	1	68
694	1	496
694	1	615
694	1	64
694	1	283
694	1	286
694	1	624
694	1	101
694	1	314
694	1	862
694	1	576
694	1	687
694	1	478
694	1	79
694	1	586
694	1	1009
694	1	188
694	1	973
694	1	736
694	1	762
694	1	725
858	1	415
858	1	369
858	1	254
858	1	12
858	1	388
858	1	1012
858	1	383
858	1	308
858	1	309
858	1	755
858	1	599
858	1	463
858	1	393
858	1	220
858	1	881
858	1	310
858	1	1002
858	1	855
858	1	509
858	1	106
858	1	108
858	1	473
858	1	875
858	1	854
858	1	282
858	1	498
858	1	68
858	1	496
858	1	615
858	1	64
858	1	283
858	1	286
858	1	624
858	1	101
858	1	314
858	1	862
858	1	576
858	1	687
858	1	478
858	1	79
858	1	586
858	1	1009
858	1	188
858	1	973
858	1	736
858	1	762
858	1	725
415	1	369
415	1	254
415	1	12
415	1	388
415	1	1012
415	1	383
415	1	308
415	1	309
415	1	755
415	1	599
415	1	463
415	1	393
415	1	220
415	1	881
415	1	310
415	1	1002
415	1	855
415	1	509
415	1	106
415	1	108
415	1	473
415	1	875
415	1	854
415	1	282
415	1	498
415	1	68
415	1	496
415	1	615
415	1	64
415	1	283
415	1	286
415	1	624
415	1	101
415	1	314
415	1	862
415	1	576
415	1	687
415	1	478
415	1	79
415	1	586
415	1	1009
415	1	188
415	1	973
415	1	736
415	1	762
415	1	725
369	1	254
369	1	12
369	1	388
369	1	1012
369	1	383
369	1	308
369	1	309
369	1	755
369	1	599
369	1	463
369	1	393
369	1	220
369	1	881
369	1	310
369	1	1002
369	1	855
369	1	509
369	1	106
369	1	108
369	1	473
369	1	875
369	1	854
369	1	282
369	1	498
369	1	68
369	1	496
369	1	615
369	1	64
369	1	283
369	1	286
369	1	624
369	1	101
369	1	314
369	1	862
369	1	576
369	1	687
369	1	478
369	1	79
369	1	586
369	1	1009
369	1	188
369	1	973
369	1	736
369	1	762
369	1	725
254	1	12
254	1	388
254	1	1012
254	1	383
254	1	308
254	1	309
254	1	755
254	1	599
254	1	463
254	1	393
254	1	220
254	1	881
254	1	310
254	1	1002
254	1	855
254	1	509
254	1	106
254	1	108
254	1	473
254	1	875
254	1	854
254	1	282
254	1	498
254	1	68
254	1	496
254	1	615
254	1	64
254	1	283
254	1	286
254	1	624
254	1	101
254	1	314
254	1	862
254	1	576
254	1	687
254	1	478
254	1	79
254	1	586
254	1	1009
254	1	188
254	1	973
254	1	736
254	1	762
254	1	725
12	1	388
12	1	1012
12	1	383
12	1	308
12	1	309
12	1	755
12	1	599
12	1	463
12	1	393
12	1	220
12	1	881
12	1	310
12	1	1002
12	1	855
12	1	509
12	1	106
12	1	108
12	1	473
12	1	875
12	1	854
12	1	282
12	1	498
12	1	68
12	1	496
12	1	615
12	1	64
12	1	283
12	1	286
12	1	624
12	1	101
12	1	314
12	1	862
12	1	576
12	1	687
12	1	478
12	1	79
12	1	586
12	1	1009
12	1	188
12	1	973
12	1	736
12	1	762
12	1	725
388	1	1012
388	1	383
388	1	308
388	1	309
388	1	755
388	1	599
388	1	463
388	1	393
388	1	220
388	1	881
388	1	310
388	1	1002
388	1	855
388	1	509
388	1	106
388	1	108
388	1	473
388	1	875
388	1	854
388	1	282
388	1	498
388	1	68
388	1	496
388	1	615
388	1	64
388	1	283
388	1	286
388	1	624
388	1	101
388	1	314
388	1	862
388	1	576
388	1	687
388	1	478
388	1	79
388	1	586
388	1	1009
388	1	188
388	1	973
388	1	736
388	1	762
388	1	725
1012	1	383
1012	1	308
1012	1	309
1012	1	755
1012	1	599
1012	1	463
1012	1	393
1012	1	220
1012	1	881
1012	1	310
1012	1	1002
1012	1	855
1012	1	509
1012	1	106
1012	1	108
1012	1	473
1012	1	875
1012	1	854
1012	1	282
1012	1	498
1012	1	68
1012	1	496
1012	1	615
1012	1	64
1012	1	283
1012	1	286
1012	1	624
1012	1	101
1012	1	314
1012	1	862
1012	1	576
1012	1	687
1012	1	478
1012	1	79
1012	1	586
1012	1	1009
1012	1	188
1012	1	973
1012	1	736
1012	1	762
1012	1	725
383	1	308
383	1	309
383	1	755
383	1	599
383	1	463
383	1	393
383	1	220
383	1	881
383	1	310
383	1	1002
383	1	855
383	1	509
383	1	106
383	1	108
383	1	473
383	1	875
383	1	854
383	1	282
383	1	498
383	1	68
383	1	496
383	1	615
383	1	64
383	1	283
383	1	286
383	1	624
383	1	101
383	1	314
383	1	862
383	1	576
383	1	687
383	1	478
383	1	79
383	1	586
383	1	1009
383	1	188
383	1	973
383	1	736
383	1	762
383	1	725
308	1	309
308	1	755
308	1	599
308	1	463
308	1	393
308	1	220
308	1	881
308	1	310
308	1	1002
308	1	855
308	1	509
308	1	106
308	1	108
308	1	473
308	1	875
308	1	854
308	1	282
308	1	498
308	1	68
308	1	496
308	1	615
308	1	64
308	1	283
308	1	286
308	1	624
308	1	101
308	1	314
308	1	862
308	1	576
308	1	687
308	1	478
308	1	79
308	1	586
308	1	1009
308	1	188
308	1	973
308	1	736
308	1	762
308	1	725
309	1	755
309	1	599
309	1	463
309	1	393
309	1	220
309	1	881
309	1	310
309	1	1002
309	1	855
309	1	509
309	1	106
309	1	108
309	1	473
309	1	875
309	1	854
309	1	282
309	1	498
309	1	68
309	1	496
309	1	615
309	1	64
309	1	283
309	1	286
309	1	624
309	1	101
309	1	314
309	1	862
309	1	576
309	1	687
309	1	478
309	1	79
309	1	586
309	1	1009
309	1	188
309	1	973
309	1	736
309	1	762
309	1	725
755	1	599
755	1	463
755	1	393
755	1	220
755	1	881
755	1	310
755	1	1002
755	1	855
755	1	509
755	1	106
755	1	108
755	1	473
755	1	875
755	1	854
755	1	282
755	1	498
755	1	68
755	1	496
755	1	615
755	1	64
755	1	283
755	1	286
755	1	624
755	1	101
755	1	314
755	1	862
755	1	576
755	1	687
755	1	478
755	1	79
755	1	586
755	1	1009
755	1	188
755	1	973
755	1	736
755	1	762
755	1	725
599	1	463
599	1	393
599	1	220
599	1	881
599	1	310
599	1	1002
599	1	855
599	1	509
599	1	106
599	1	108
599	1	473
599	1	875
599	1	854
599	1	282
599	1	498
599	1	68
599	1	496
599	1	615
599	1	64
599	1	283
599	1	286
599	1	624
599	1	101
599	1	314
599	1	862
599	1	576
599	1	687
599	1	478
599	1	79
599	1	586
599	1	1009
599	1	188
599	1	973
599	1	736
599	1	762
599	1	725
463	1	393
463	1	220
463	1	881
463	1	310
463	1	1002
463	1	855
463	1	509
463	1	106
463	1	108
463	1	473
463	1	875
463	1	854
463	1	282
463	1	498
463	1	68
463	1	496
463	1	615
463	1	64
463	1	283
463	1	286
463	1	624
463	1	101
463	1	314
463	1	862
463	1	576
463	1	687
463	1	478
463	1	79
463	1	586
463	1	1009
463	1	188
463	1	973
463	1	736
463	1	762
463	1	725
393	1	220
393	1	881
393	1	310
393	1	1002
393	1	855
393	1	509
393	1	106
393	1	108
393	1	473
393	1	875
393	1	854
393	1	282
393	1	498
393	1	68
393	1	496
393	1	615
393	1	64
393	1	283
393	1	286
393	1	624
393	1	101
393	1	314
393	1	862
393	1	576
393	1	687
393	1	478
393	1	79
393	1	586
393	1	1009
393	1	188
393	1	973
393	1	736
393	1	762
393	1	725
220	1	881
220	1	310
220	1	1002
220	1	855
220	1	509
220	1	106
220	1	108
220	1	473
220	1	875
220	1	854
220	1	282
220	1	498
220	1	68
220	1	496
220	1	615
220	1	64
220	1	283
220	1	286
220	1	624
220	1	101
220	1	314
220	1	862
220	1	576
220	1	687
220	1	478
220	1	79
220	1	586
220	1	1009
220	1	188
220	1	973
220	1	736
220	1	762
220	1	725
881	1	310
881	1	1002
881	1	855
881	1	509
881	1	106
881	1	108
881	1	473
881	1	875
881	1	854
881	1	282
881	1	498
881	1	68
881	1	496
881	1	615
881	1	64
881	1	283
881	1	286
881	1	624
881	1	101
881	1	314
881	1	862
881	1	576
881	1	687
881	1	478
881	1	79
881	1	586
881	1	1009
881	1	188
881	1	973
881	1	736
881	1	762
881	1	725
310	1	1002
310	1	855
310	1	509
310	1	106
310	1	108
310	1	473
310	1	875
310	1	854
310	1	282
310	1	498
310	1	68
310	1	496
310	1	615
310	1	64
310	1	283
310	1	286
310	1	624
310	1	101
310	1	314
310	1	862
310	1	576
310	1	687
310	1	478
310	1	79
310	1	586
310	1	1009
310	1	188
310	1	973
310	1	736
310	1	762
310	1	725
1002	1	855
1002	1	509
1002	1	106
1002	1	108
1002	1	473
1002	1	875
1002	1	854
1002	1	282
1002	1	498
1002	1	68
1002	1	496
1002	1	615
1002	1	64
1002	1	283
1002	1	286
1002	1	624
1002	1	101
1002	1	314
1002	1	862
1002	1	576
1002	1	687
1002	1	478
1002	1	79
1002	1	586
1002	1	1009
1002	1	188
1002	1	973
1002	1	736
1002	1	762
1002	1	725
855	1	509
855	1	106
855	1	108
855	1	473
855	1	875
855	1	854
855	1	282
855	1	498
855	1	68
855	1	496
855	1	615
855	1	64
855	1	283
855	1	286
855	1	624
855	1	101
855	1	314
855	1	862
855	1	576
855	1	687
855	1	478
855	1	79
855	1	586
855	1	1009
855	1	188
855	1	973
855	1	736
855	1	762
855	1	725
509	1	106
509	1	108
509	1	473
509	1	875
509	1	854
509	1	282
509	1	498
509	1	68
509	1	496
509	1	615
509	1	64
509	1	283
509	1	286
509	1	624
509	1	101
509	1	314
509	1	862
509	1	576
509	1	687
509	1	478
509	1	79
509	1	586
509	1	1009
509	1	188
509	1	973
509	1	736
509	1	762
509	1	725
106	1	108
106	1	473
106	1	875
106	1	854
106	1	282
106	1	498
106	1	68
106	1	496
106	1	615
106	1	64
106	1	283
106	1	286
106	1	624
106	1	101
106	1	314
106	1	862
106	1	576
106	1	687
106	1	478
106	1	79
106	1	586
106	1	1009
106	1	188
106	1	973
106	1	736
106	1	762
106	1	725
108	1	473
108	1	875
108	1	854
108	1	282
108	1	498
108	1	68
108	1	496
108	1	615
108	1	64
108	1	283
108	1	286
108	1	624
108	1	101
108	1	314
108	1	862
108	1	576
108	1	687
108	1	478
108	1	79
108	1	586
108	1	1009
108	1	188
108	1	973
108	1	736
108	1	762
108	1	725
473	1	875
473	1	854
473	1	282
473	1	498
473	1	68
473	1	496
473	1	615
473	1	64
473	1	283
473	1	286
473	1	624
473	1	101
473	1	314
473	1	862
473	1	576
473	1	687
473	1	478
473	1	79
473	1	586
473	1	1009
473	1	188
473	1	973
473	1	736
473	1	762
473	1	725
875	1	854
875	1	282
875	1	498
875	1	68
875	1	496
875	1	615
875	1	64
875	1	283
875	1	286
875	1	624
875	1	101
875	1	314
875	1	862
875	1	576
875	1	687
875	1	478
875	1	79
875	1	586
875	1	1009
875	1	188
875	1	973
875	1	736
875	1	762
875	1	725
854	1	282
854	1	498
854	1	68
854	1	496
854	1	615
854	1	64
854	1	283
854	1	286
854	1	624
854	1	101
854	1	314
854	1	862
854	1	576
854	1	687
854	1	478
854	1	79
854	1	586
854	1	1009
854	1	188
854	1	973
854	1	736
854	1	762
854	1	725
282	1	498
282	1	68
282	1	496
282	1	615
282	1	64
282	1	283
282	1	286
282	1	624
282	1	101
282	1	314
282	1	862
282	1	576
282	1	687
282	1	478
282	1	79
282	1	586
282	1	1009
282	1	188
282	1	973
282	1	736
282	1	762
282	1	725
498	1	68
498	1	496
498	1	615
498	1	64
498	1	283
498	1	286
498	1	624
498	1	101
498	1	314
498	1	862
498	1	576
498	1	687
498	1	478
498	1	79
498	1	586
498	1	1009
498	1	188
498	1	973
498	1	736
498	1	762
498	1	725
68	1	496
68	1	615
68	1	64
68	1	283
68	1	286
68	1	624
68	1	101
68	1	314
68	1	862
68	1	576
68	1	687
68	1	478
68	1	79
68	1	586
68	1	1009
68	1	188
68	1	973
68	1	736
68	1	762
68	1	725
496	1	615
496	1	64
496	1	283
496	1	286
496	1	624
496	1	101
496	1	314
496	1	862
496	1	576
496	1	687
496	1	478
496	1	79
496	1	586
496	1	1009
496	1	188
496	1	973
496	1	736
496	1	762
496	1	725
615	1	64
615	1	283
615	1	286
615	1	624
615	1	101
615	1	314
615	1	862
615	1	576
615	1	687
615	1	478
615	1	79
615	1	586
615	1	1009
615	1	188
615	1	973
615	1	736
615	1	762
615	1	725
64	1	283
64	1	286
64	1	624
64	1	101
64	1	314
64	1	862
64	1	576
64	1	687
64	1	478
64	1	79
64	1	586
64	1	1009
64	1	188
64	1	973
64	1	736
64	1	762
64	1	725
283	1	286
283	1	624
283	1	101
283	1	314
283	1	862
283	1	576
283	1	687
283	1	478
283	1	79
283	1	586
283	1	1009
283	1	188
283	1	973
283	1	736
283	1	762
283	1	725
286	1	624
286	1	101
286	1	314
286	1	862
286	1	576
286	1	687
286	1	478
286	1	79
286	1	586
286	1	1009
286	1	188
286	1	973
286	1	736
286	1	762
286	1	725
624	1	101
624	1	314
624	1	862
624	1	576
624	1	687
624	1	478
624	1	79
624	1	586
624	1	1009
624	1	188
624	1	973
624	1	736
624	1	762
624	1	725
101	1	314
101	1	862
101	1	576
101	1	687
101	1	478
101	1	79
101	1	586
101	1	1009
101	1	188
101	1	973
101	1	736
101	1	762
101	1	725
314	1	862
314	1	576
314	1	687
314	1	478
314	1	79
314	1	586
314	1	1009
314	1	188
314	1	973
314	1	736
314	1	762
314	1	725
862	1	576
862	1	687
862	1	478
862	1	79
862	1	586
862	1	1009
862	1	188
862	1	973
862	1	736
862	1	762
862	1	725
576	1	687
576	1	478
576	1	79
576	1	586
576	1	1009
576	1	188
576	1	973
576	1	736
576	1	762
576	1	725
687	1	478
687	1	79
687	1	586
687	1	1009
687	1	188
687	1	973
687	1	736
687	1	762
687	1	725
478	1	79
478	1	586
478	1	1009
478	1	188
478	1	973
478	1	736
478	1	762
478	1	725
79	1	586
79	1	1009
79	1	188
79	1	973
79	1	736
79	1	762
79	1	725
586	1	1009
586	1	188
586	1	973
586	1	736
586	1	762
586	1	725
1009	1	188
1009	1	973
1009	1	736
1009	1	762
1009	1	725
188	1	973
188	1	736
188	1	762
188	1	725
973	1	736
973	1	762
973	1	725
736	1	762
736	1	725
762	1	725
